[Date.UTC(2017,01,01,00,00),350.0],
[Date.UTC(2017,01,01,00,05),394.0],
[Date.UTC(2017,01,01,00,10),383.0],
[Date.UTC(2017,01,01,00,15),360.0],
[Date.UTC(2017,01,01,00,20),341.0],
[Date.UTC(2017,01,01,00,25),317.0],
[Date.UTC(2017,01,01,00,30),316.0],
[Date.UTC(2017,01,01,00,35),316.0],
[Date.UTC(2017,01,01,00,40),291.0],
[Date.UTC(2017,01,01,00,45),285.0],
[Date.UTC(2017,01,01,00,50),252.0],
[Date.UTC(2017,01,01,00,55),263.0],
[Date.UTC(2017,01,01,01,00),275.0],
[Date.UTC(2017,01,01,01,05),255.0],
[Date.UTC(2017,01,01,01,10),213.0],
[Date.UTC(2017,01,01,01,15),219.0],
[Date.UTC(2017,01,01,01,20),213.0],
[Date.UTC(2017,01,01,01,25),199.0],
[Date.UTC(2017,01,01,01,30),213.0],
[Date.UTC(2017,01,01,01,35),209.0],
[Date.UTC(2017,01,01,01,40),172.0],
[Date.UTC(2017,01,01,01,45),185.0],
[Date.UTC(2017,01,01,01,50),185.0],
[Date.UTC(2017,01,01,01,55),175.0],
[Date.UTC(2017,01,01,02,00),177.0],
[Date.UTC(2017,01,01,02,05),165.0],
[Date.UTC(2017,01,01,02,10),167.0],
[Date.UTC(2017,01,01,02,15),173.0],
[Date.UTC(2017,01,01,02,20),164.0],
[Date.UTC(2017,01,01,02,25),172.0],
[Date.UTC(2017,01,01,02,30),168.0],
[Date.UTC(2017,01,01,02,35),160.0],
[Date.UTC(2017,01,01,02,40),162.0],
[Date.UTC(2017,01,01,02,45),145.0],
[Date.UTC(2017,01,01,02,50),152.0],
[Date.UTC(2017,01,01,02,55),147.0],
[Date.UTC(2017,01,01,03,00),142.0],
[Date.UTC(2017,01,01,03,05),116.0],
[Date.UTC(2017,01,01,03,10),108.0],
[Date.UTC(2017,01,01,03,15),110.0],
[Date.UTC(2017,01,01,03,20),110.0],
[Date.UTC(2017,01,01,03,25),116.0],
[Date.UTC(2017,01,01,03,30),101.0],
[Date.UTC(2017,01,01,03,35),90.0	],
[Date.UTC(2017,01,01,03,40),96.0	],
[Date.UTC(2017,01,01,03,45),109.0],
[Date.UTC(2017,01,01,03,50),106.0],
[Date.UTC(2017,01,01,03,55),97.0	],
[Date.UTC(2017,01,01,04,00),92.0	],
[Date.UTC(2017,01,01,04,05),79.0	],
[Date.UTC(2017,01,01,04,10),85.0	],
[Date.UTC(2017,01,01,04,15),95.0	],
[Date.UTC(2017,01,01,04,20),99.0	],
[Date.UTC(2017,01,01,04,25),95.0	],
[Date.UTC(2017,01,01,04,30),103.0],
[Date.UTC(2017,01,01,04,35),100.0],
[Date.UTC(2017,01,01,04,40),109.0],
[Date.UTC(2017,01,01,04,45),109.0],
[Date.UTC(2017,01,01,04,50),111.0],
[Date.UTC(2017,01,01,04,55),113.0],
[Date.UTC(2017,01,01,05,00),107.0],
[Date.UTC(2017,01,01,05,05),108.0],
[Date.UTC(2017,01,01,05,10),107.0],
[Date.UTC(2017,01,01,05,15),123.0],
[Date.UTC(2017,01,01,05,20),127.0],
[Date.UTC(2017,01,01,05,25),111.0],
[Date.UTC(2017,01,01,05,30),129.0],
[Date.UTC(2017,01,01,05,35),128.0],
[Date.UTC(2017,01,01,05,40),135.0],
[Date.UTC(2017,01,01,05,45),149.0],
[Date.UTC(2017,01,01,05,50),121.0],
[Date.UTC(2017,01,01,05,55),134.0],
[Date.UTC(2017,01,01,06,00),148.0],
[Date.UTC(2017,01,01,06,05),162.0],
[Date.UTC(2017,01,01,06,10),142.0],
[Date.UTC(2017,01,01,06,15),166.0],
[Date.UTC(2017,01,01,06,20),182.0],
[Date.UTC(2017,01,01,06,25),193.0],
[Date.UTC(2017,01,01,06,30),179.0],
[Date.UTC(2017,01,01,06,35),192.0],
[Date.UTC(2017,01,01,06,40),227.0],
[Date.UTC(2017,01,01,06,45),243.0],
[Date.UTC(2017,01,01,06,50),255.0],
[Date.UTC(2017,01,01,06,55),229.0],
[Date.UTC(2017,01,01,07,00),211.0],
[Date.UTC(2017,01,01,07,05),206.0],
[Date.UTC(2017,01,01,07,10),226.0],
[Date.UTC(2017,01,01,07,15),228.0],
[Date.UTC(2017,01,01,07,20),274.0],
[Date.UTC(2017,01,01,07,25),267.0],
[Date.UTC(2017,01,01,07,30),265.0],
[Date.UTC(2017,01,01,07,35),268.0],
[Date.UTC(2017,01,01,07,40),258.0],
[Date.UTC(2017,01,01,07,45),284.0],
[Date.UTC(2017,01,01,07,50),292.0],
[Date.UTC(2017,01,01,07,55),292.0],
[Date.UTC(2017,01,01,08,00),275.0],
[Date.UTC(2017,01,01,08,05),276.0],
[Date.UTC(2017,01,01,08,10),297.0],
[Date.UTC(2017,01,01,08,15),308.0],
[Date.UTC(2017,01,01,08,20),323.0],
[Date.UTC(2017,01,01,08,25),332.0],
[Date.UTC(2017,01,01,08,30),327.0],
[Date.UTC(2017,01,01,08,35),343.0],
[Date.UTC(2017,01,01,08,40),355.0],
[Date.UTC(2017,01,01,08,45),374.0],
[Date.UTC(2017,01,01,08,50),392.0],
[Date.UTC(2017,01,01,08,55),372.0],
[Date.UTC(2017,01,01,09,00),367.0],
[Date.UTC(2017,01,01,09,05),380.0],
[Date.UTC(2017,01,01,09,10),411.0],
[Date.UTC(2017,01,01,09,15),426.0],
[Date.UTC(2017,01,01,09,20),444.0],
[Date.UTC(2017,01,01,09,25),478.0],
[Date.UTC(2017,01,01,09,30),475.0],
[Date.UTC(2017,01,01,09,35),486.0],
[Date.UTC(2017,01,01,09,40),548.0],
[Date.UTC(2017,01,01,09,45),538.0],
[Date.UTC(2017,01,01,09,50),548.0],
[Date.UTC(2017,01,01,09,55),532.0],
[Date.UTC(2017,01,01,10,00),534.0],
[Date.UTC(2017,01,01,10,05),511.0],
[Date.UTC(2017,01,01,10,10),562.0],
[Date.UTC(2017,01,01,10,15),568.0],
[Date.UTC(2017,01,01,10,20),575.0],
[Date.UTC(2017,01,01,10,25),561.0],
[Date.UTC(2017,01,01,10,30),583.0],
[Date.UTC(2017,01,01,10,35),567.0],
[Date.UTC(2017,01,01,10,40),585.0],
[Date.UTC(2017,01,01,10,45),589.0],
[Date.UTC(2017,01,01,10,50),600.0],
[Date.UTC(2017,01,01,10,55),587.0],
[Date.UTC(2017,01,01,11,00),586.0],
[Date.UTC(2017,01,01,11,05),598.0],
[Date.UTC(2017,01,01,11,10),620.0],
[Date.UTC(2017,01,01,11,15),595.0],
[Date.UTC(2017,01,01,11,20),660.0],
[Date.UTC(2017,01,01,11,25),639.0],
[Date.UTC(2017,01,01,11,30),674.0],
[Date.UTC(2017,01,01,11,35),683.0],
[Date.UTC(2017,01,01,11,40),696.0],
[Date.UTC(2017,01,01,11,45),673.0],
[Date.UTC(2017,01,01,11,50),690.0],
[Date.UTC(2017,01,01,11,55),685.0],
[Date.UTC(2017,01,01,12,00),665.0],
[Date.UTC(2017,01,01,12,05),681.0],
[Date.UTC(2017,01,01,12,10),689.0],
[Date.UTC(2017,01,01,12,15),704.0],
[Date.UTC(2017,01,01,12,20),674.0],
[Date.UTC(2017,01,01,12,25),677.0],
[Date.UTC(2017,01,01,12,30),685.0],
[Date.UTC(2017,01,01,12,35),658.0],
[Date.UTC(2017,01,01,12,40),657.0],
[Date.UTC(2017,01,01,12,45),648.0],
[Date.UTC(2017,01,01,12,50),699.0],
[Date.UTC(2017,01,01,12,55),661.0],
[Date.UTC(2017,01,01,13,00),674.0],
[Date.UTC(2017,01,01,13,05),659.0],
[Date.UTC(2017,01,01,13,10),661.0],
[Date.UTC(2017,01,01,13,15),656.0],
[Date.UTC(2017,01,01,13,20),695.0],
[Date.UTC(2017,01,01,13,25),624.0],
[Date.UTC(2017,01,01,13,30),627.0],
[Date.UTC(2017,01,01,13,35),666.0],
[Date.UTC(2017,01,01,13,40),691.0],
[Date.UTC(2017,01,01,13,45),695.0],
[Date.UTC(2017,01,01,13,50),674.0],
[Date.UTC(2017,01,01,13,55),694.0],
[Date.UTC(2017,01,01,14,00),688.0],
[Date.UTC(2017,01,01,14,05),653.0],
[Date.UTC(2017,01,01,14,10),658.0],
[Date.UTC(2017,01,01,14,15),699.0],
[Date.UTC(2017,01,01,14,20),662.0],
[Date.UTC(2017,01,01,14,25),659.0],
[Date.UTC(2017,01,01,14,30),675.0],
[Date.UTC(2017,01,01,14,35),655.0],
[Date.UTC(2017,01,01,14,40),687.0],
[Date.UTC(2017,01,01,14,45),626.0],
[Date.UTC(2017,01,01,14,50),661.0],
[Date.UTC(2017,01,01,14,55),637.0],
[Date.UTC(2017,01,01,15,00),626.0],
[Date.UTC(2017,01,01,15,05),645.0],
[Date.UTC(2017,01,01,15,10),634.0],
[Date.UTC(2017,01,01,15,15),642.0],
[Date.UTC(2017,01,01,15,20),661.0],
[Date.UTC(2017,01,01,15,25),660.0],
[Date.UTC(2017,01,01,15,30),655.0],
[Date.UTC(2017,01,01,15,35),629.0],
[Date.UTC(2017,01,01,15,40),660.0],
[Date.UTC(2017,01,01,15,45),659.0],
[Date.UTC(2017,01,01,15,50),654.0],
[Date.UTC(2017,01,01,15,55),628.0],
[Date.UTC(2017,01,01,16,00),610.0],
[Date.UTC(2017,01,01,16,05),654.0],
[Date.UTC(2017,01,01,16,10),632.0],
[Date.UTC(2017,01,01,16,15),636.0],
[Date.UTC(2017,01,01,16,20),621.0],
[Date.UTC(2017,01,01,16,25),683.0],
[Date.UTC(2017,01,01,16,30),642.0],
[Date.UTC(2017,01,01,16,35),621.0],
[Date.UTC(2017,01,01,16,40),647.0],
[Date.UTC(2017,01,01,16,45),623.0],
[Date.UTC(2017,01,01,16,50),646.0],
[Date.UTC(2017,01,01,16,55),668.0],
[Date.UTC(2017,01,01,17,00),622.0],
[Date.UTC(2017,01,01,17,05),614.0],
[Date.UTC(2017,01,01,17,10),662.0],
[Date.UTC(2017,01,01,17,15),647.0],
[Date.UTC(2017,01,01,17,20),613.0],
[Date.UTC(2017,01,01,17,25),612.0],
[Date.UTC(2017,01,01,17,30),651.0],
[Date.UTC(2017,01,01,17,35),591.0],
[Date.UTC(2017,01,01,17,40),632.0],
[Date.UTC(2017,01,01,17,45),661.0],
[Date.UTC(2017,01,01,17,50),634.0],
[Date.UTC(2017,01,01,17,55),620.0],
[Date.UTC(2017,01,01,18,00),605.0],
[Date.UTC(2017,01,01,18,05),608.0],
[Date.UTC(2017,01,01,18,10),618.0],
[Date.UTC(2017,01,01,18,15),619.0],
[Date.UTC(2017,01,01,18,20),621.0],
[Date.UTC(2017,01,01,18,25),599.0],
[Date.UTC(2017,01,01,18,30),591.0],
[Date.UTC(2017,01,01,18,35),613.0],
[Date.UTC(2017,01,01,18,40),566.0],
[Date.UTC(2017,01,01,18,45),553.0],
[Date.UTC(2017,01,01,18,50),591.0],
[Date.UTC(2017,01,01,18,55),541.0],
[Date.UTC(2017,01,01,19,00),543.0],
[Date.UTC(2017,01,01,19,05),544.0],
[Date.UTC(2017,01,01,19,10),504.0],
[Date.UTC(2017,01,01,19,15),569.0],
[Date.UTC(2017,01,01,19,20),520.0],
[Date.UTC(2017,01,01,19,25),537.0],
[Date.UTC(2017,01,01,19,30),539.0],
[Date.UTC(2017,01,01,19,35),543.0],
[Date.UTC(2017,01,01,19,40),551.0],
[Date.UTC(2017,01,01,19,45),527.0],
[Date.UTC(2017,01,01,19,50),548.0],
[Date.UTC(2017,01,01,19,55),522.0],
[Date.UTC(2017,01,01,20,00),548.0],
[Date.UTC(2017,01,01,20,05),518.0],
[Date.UTC(2017,01,01,20,10),508.0],
[Date.UTC(2017,01,01,20,15),535.0],
[Date.UTC(2017,01,01,20,20),536.0],
[Date.UTC(2017,01,01,20,25),525.0],
[Date.UTC(2017,01,01,20,30),509.0],
[Date.UTC(2017,01,01,20,35),541.0],
[Date.UTC(2017,01,01,20,40),503.0],
[Date.UTC(2017,01,01,20,45),499.0],
[Date.UTC(2017,01,01,20,50),493.0],
[Date.UTC(2017,01,01,20,55),510.0],
[Date.UTC(2017,01,01,21,00),518.0],
[Date.UTC(2017,01,01,21,05),486.0],
[Date.UTC(2017,01,01,21,10),539.0],
[Date.UTC(2017,01,01,21,15),499.0],
[Date.UTC(2017,01,01,21,20),487.0],
[Date.UTC(2017,01,01,21,25),519.0],
[Date.UTC(2017,01,01,21,30),502.0],
[Date.UTC(2017,01,01,21,35),507.0],
[Date.UTC(2017,01,01,21,40),473.0],
[Date.UTC(2017,01,01,21,45),492.0],
[Date.UTC(2017,01,01,21,50),485.0],
[Date.UTC(2017,01,01,21,55),497.0],
[Date.UTC(2017,01,01,22,00),448.0],
[Date.UTC(2017,01,01,22,05),444.0],
[Date.UTC(2017,01,01,22,10),420.0],
[Date.UTC(2017,01,01,22,15),414.0],
[Date.UTC(2017,01,01,22,20),397.0],
[Date.UTC(2017,01,01,22,25),400.0],
[Date.UTC(2017,01,01,22,30),371.0],
[Date.UTC(2017,01,01,22,35),402.0],
[Date.UTC(2017,01,01,22,40),411.0],
[Date.UTC(2017,01,01,22,45),411.0],
[Date.UTC(2017,01,01,22,50),406.0],
[Date.UTC(2017,01,01,22,55),353.0],
[Date.UTC(2017,01,01,23,00),307.0],
[Date.UTC(2017,01,01,23,05),327.0],
[Date.UTC(2017,01,01,23,10),310.0],
[Date.UTC(2017,01,01,23,15),294.0],
[Date.UTC(2017,01,01,23,20),279.0],
[Date.UTC(2017,01,01,23,25),282.0],
[Date.UTC(2017,01,01,23,30),268.0],
[Date.UTC(2017,01,01,23,35),263.0],
[Date.UTC(2017,01,01,23,40),246.0],
[Date.UTC(2017,01,01,23,45),243.0],
[Date.UTC(2017,01,01,23,50),238.0],
[Date.UTC(2017,01,01,23,55),226.0],
[Date.UTC(2017,01,02,00,00),223.0],
[Date.UTC(2017,01,02,00,05),237.0],
[Date.UTC(2017,01,02,00,10),210.0],
[Date.UTC(2017,01,02,00,15),206.0],
[Date.UTC(2017,01,02,00,20),197.0],
[Date.UTC(2017,01,02,00,25),187.0],
[Date.UTC(2017,01,02,00,30),171.0],
[Date.UTC(2017,01,02,00,35),178.0],
[Date.UTC(2017,01,02,00,40),151.0],
[Date.UTC(2017,01,02,00,45),155.0],
[Date.UTC(2017,01,02,00,50),152.0],
[Date.UTC(2017,01,02,00,55),139.0],
[Date.UTC(2017,01,02,01,00),135.0],
[Date.UTC(2017,01,02,01,05),123.0],
[Date.UTC(2017,01,02,01,10),113.0],
[Date.UTC(2017,01,02,01,15),115.0],
[Date.UTC(2017,01,02,01,20),114.0],
[Date.UTC(2017,01,02,01,25),102.0],
[Date.UTC(2017,01,02,01,30),115.0],
[Date.UTC(2017,01,02,01,35),101.0],
[Date.UTC(2017,01,02,01,40),90.0	],
[Date.UTC(2017,01,02,01,45),91.0	],
[Date.UTC(2017,01,02,01,50),89.0	],
[Date.UTC(2017,01,02,01,55),83.0	],
[Date.UTC(2017,01,02,02,00),72.0	],
[Date.UTC(2017,01,02,02,05),85.0	],
[Date.UTC(2017,01,02,02,10),87.0	],
[Date.UTC(2017,01,02,02,15),78.0	],
[Date.UTC(2017,01,02,02,20),95.0	],
[Date.UTC(2017,01,02,02,25),78.0	],
[Date.UTC(2017,01,02,02,30),85.0	],
[Date.UTC(2017,01,02,02,35),88.0	],
[Date.UTC(2017,01,02,02,40),77.0	],
[Date.UTC(2017,01,02,02,45),74.0	],
[Date.UTC(2017,01,02,02,50),71.0	],
[Date.UTC(2017,01,02,02,55),78.0	],
[Date.UTC(2017,01,02,03,00),70.0	],
[Date.UTC(2017,01,02,03,05),66.0	],
[Date.UTC(2017,01,02,03,10),63.0	],
[Date.UTC(2017,01,02,03,15),64.0	],
[Date.UTC(2017,01,02,03,20),73.0	],
[Date.UTC(2017,01,02,03,25),70.0	],
[Date.UTC(2017,01,02,03,30),67.0	],
[Date.UTC(2017,01,02,03,35),69.0	],
[Date.UTC(2017,01,02,03,40),83.0	],
[Date.UTC(2017,01,02,03,45),81.0	],
[Date.UTC(2017,01,02,03,50),83.0	],
[Date.UTC(2017,01,02,03,55),77.0	],
[Date.UTC(2017,01,02,04,00),87.0	],
[Date.UTC(2017,01,02,04,05),80.0	],
[Date.UTC(2017,01,02,04,10),101.0],
[Date.UTC(2017,01,02,04,15),112.0],
[Date.UTC(2017,01,02,04,20),120.0],
[Date.UTC(2017,01,02,04,25),143.0],
[Date.UTC(2017,01,02,04,30),140.0],
[Date.UTC(2017,01,02,04,35),155.0],
[Date.UTC(2017,01,02,04,40),172.0],
[Date.UTC(2017,01,02,04,45),181.0],
[Date.UTC(2017,01,02,04,50),193.0],
[Date.UTC(2017,01,02,04,55),204.0],
[Date.UTC(2017,01,02,05,00),210.0],
[Date.UTC(2017,01,02,05,05),222.0],
[Date.UTC(2017,01,02,05,10),230.0],
[Date.UTC(2017,01,02,05,15),257.0],
[Date.UTC(2017,01,02,05,20),287.0],
[Date.UTC(2017,01,02,05,25),331.0],
[Date.UTC(2017,01,02,05,30),335.0],
[Date.UTC(2017,01,02,05,35),346.0],
[Date.UTC(2017,01,02,05,40),377.0],
[Date.UTC(2017,01,02,05,45),427.0],
[Date.UTC(2017,01,02,05,50),432.0],
[Date.UTC(2017,01,02,05,55),410.0],
[Date.UTC(2017,01,02,06,00),414.0],
[Date.UTC(2017,01,02,06,05),426.0],
[Date.UTC(2017,01,02,06,10),452.0],
[Date.UTC(2017,01,02,06,15),512.0],
[Date.UTC(2017,01,02,06,20),544.0],
[Date.UTC(2017,01,02,06,25),603.0],
[Date.UTC(2017,01,02,06,30),630.0],
[Date.UTC(2017,01,02,06,35),717.0],
[Date.UTC(2017,01,02,06,40),698.0],
[Date.UTC(2017,01,02,06,45),705.0],
[Date.UTC(2017,01,02,06,50),697.0],
[Date.UTC(2017,01,02,06,55),685.0],
[Date.UTC(2017,01,02,07,00),666.0],
[Date.UTC(2017,01,02,07,05),635.0],
[Date.UTC(2017,01,02,07,10),644.0],
[Date.UTC(2017,01,02,07,15),623.0],
[Date.UTC(2017,01,02,07,20),675.0],
[Date.UTC(2017,01,02,07,25),697.0],
[Date.UTC(2017,01,02,07,30),696.0],
[Date.UTC(2017,01,02,07,35),693.0],
[Date.UTC(2017,01,02,07,40),674.0],
[Date.UTC(2017,01,02,07,45),670.0],
[Date.UTC(2017,01,02,07,50),670.0],
[Date.UTC(2017,01,02,07,55),693.0],
[Date.UTC(2017,01,02,08,00),648.0],
[Date.UTC(2017,01,02,08,05),676.0],
[Date.UTC(2017,01,02,08,10),671.0],
[Date.UTC(2017,01,02,08,15),666.0],
[Date.UTC(2017,01,02,08,20),680.0],
[Date.UTC(2017,01,02,08,25),659.0],
[Date.UTC(2017,01,02,08,30),626.0],
[Date.UTC(2017,01,02,08,35),666.0],
[Date.UTC(2017,01,02,08,40),634.0],
[Date.UTC(2017,01,02,08,45),628.0],
[Date.UTC(2017,01,02,08,50),677.0],
[Date.UTC(2017,01,02,08,55),655.0],
[Date.UTC(2017,01,02,09,00),640.0],
[Date.UTC(2017,01,02,09,05),545.0],
[Date.UTC(2017,01,02,09,10),636.0],
[Date.UTC(2017,01,02,09,15),649.0],
[Date.UTC(2017,01,02,09,20),685.0],
[Date.UTC(2017,01,02,09,25),669.0],
[Date.UTC(2017,01,02,09,30),666.0],
[Date.UTC(2017,01,02,09,35),655.0],
[Date.UTC(2017,01,02,09,40),657.0],
[Date.UTC(2017,01,02,09,45),663.0],
[Date.UTC(2017,01,02,09,50),634.0],
[Date.UTC(2017,01,02,09,55),679.0],
[Date.UTC(2017,01,02,10,00),678.0],
[Date.UTC(2017,01,02,10,05),650.0],
[Date.UTC(2017,01,02,10,10),670.0],
[Date.UTC(2017,01,02,10,15),678.0],
[Date.UTC(2017,01,02,10,20),636.0],
[Date.UTC(2017,01,02,10,25),651.0],
[Date.UTC(2017,01,02,10,30),609.0],
[Date.UTC(2017,01,02,10,35),693.0],
[Date.UTC(2017,01,02,10,40),634.0],
[Date.UTC(2017,01,02,10,45),556.0],
[Date.UTC(2017,01,02,10,50),620.0],
[Date.UTC(2017,01,02,10,55),644.0],
[Date.UTC(2017,01,02,11,00),620.0],
[Date.UTC(2017,01,02,11,05),607.0],
[Date.UTC(2017,01,02,11,10),631.0],
[Date.UTC(2017,01,02,11,15),622.0],
[Date.UTC(2017,01,02,11,20),708.0],
[Date.UTC(2017,01,02,11,25),689.0],
[Date.UTC(2017,01,02,11,30),663.0],
[Date.UTC(2017,01,02,11,35),685.0],
[Date.UTC(2017,01,02,11,40),682.0],
[Date.UTC(2017,01,02,11,45),706.0],
[Date.UTC(2017,01,02,11,50),719.0],
[Date.UTC(2017,01,02,11,55),657.0],
[Date.UTC(2017,01,02,12,00),686.0],
[Date.UTC(2017,01,02,12,05),668.0],
[Date.UTC(2017,01,02,12,10),695.0],
[Date.UTC(2017,01,02,12,15),683.0],
[Date.UTC(2017,01,02,12,20),674.0],
[Date.UTC(2017,01,02,12,25),666.0],
[Date.UTC(2017,01,02,12,30),629.0],
[Date.UTC(2017,01,02,12,35),625.0],
[Date.UTC(2017,01,02,12,40),657.0],
[Date.UTC(2017,01,02,12,45),624.0],
[Date.UTC(2017,01,02,12,50),650.0],
[Date.UTC(2017,01,02,12,55),629.0],
[Date.UTC(2017,01,02,13,00),607.0],
[Date.UTC(2017,01,02,13,05),630.0],
[Date.UTC(2017,01,02,13,10),641.0],
[Date.UTC(2017,01,02,13,15),648.0],
[Date.UTC(2017,01,02,13,20),614.0],
[Date.UTC(2017,01,02,13,25),709.0],
[Date.UTC(2017,01,02,13,30),661.0],
[Date.UTC(2017,01,02,13,35),685.0],
[Date.UTC(2017,01,02,13,40),713.0],
[Date.UTC(2017,01,02,13,45),714.0],
[Date.UTC(2017,01,02,13,50),649.0],
[Date.UTC(2017,01,02,13,55),625.0],
[Date.UTC(2017,01,02,14,00),617.0],
[Date.UTC(2017,01,02,14,05),684.0],
[Date.UTC(2017,01,02,14,10),698.0],
[Date.UTC(2017,01,02,14,15),690.0],
[Date.UTC(2017,01,02,14,20),684.0],
[Date.UTC(2017,01,02,14,25),661.0],
[Date.UTC(2017,01,02,14,30),683.0],
[Date.UTC(2017,01,02,14,35),713.0],
[Date.UTC(2017,01,02,14,40),712.0],
[Date.UTC(2017,01,02,14,45),693.0],
[Date.UTC(2017,01,02,14,50),673.0],
[Date.UTC(2017,01,02,14,55),697.0],
[Date.UTC(2017,01,02,15,00),688.0],
[Date.UTC(2017,01,02,15,05),680.0],
[Date.UTC(2017,01,02,15,10),705.0],
[Date.UTC(2017,01,02,15,15),691.0],
[Date.UTC(2017,01,02,15,20),681.0],
[Date.UTC(2017,01,02,15,25),650.0],
[Date.UTC(2017,01,02,15,30),683.0],
[Date.UTC(2017,01,02,15,35),689.0],
[Date.UTC(2017,01,02,15,40),668.0],
[Date.UTC(2017,01,02,15,45),675.0],
[Date.UTC(2017,01,02,15,50),696.0],
[Date.UTC(2017,01,02,15,55),714.0],
[Date.UTC(2017,01,02,16,00),663.0],
[Date.UTC(2017,01,02,16,05),621.0],
[Date.UTC(2017,01,02,16,10),629.0],
[Date.UTC(2017,01,02,16,15),656.0],
[Date.UTC(2017,01,02,16,20),675.0],
[Date.UTC(2017,01,02,16,25),687.0],
[Date.UTC(2017,01,02,16,30),667.0],
[Date.UTC(2017,01,02,16,35),691.0],
[Date.UTC(2017,01,02,16,40),676.0],
[Date.UTC(2017,01,02,16,45),660.0],
[Date.UTC(2017,01,02,16,50),637.0],
[Date.UTC(2017,01,02,16,55),658.0],
[Date.UTC(2017,01,02,17,00),666.0],
[Date.UTC(2017,01,02,17,05),640.0],
[Date.UTC(2017,01,02,17,10),634.0],
[Date.UTC(2017,01,02,17,15),670.0],
[Date.UTC(2017,01,02,17,20),661.0],
[Date.UTC(2017,01,02,17,25),611.0],
[Date.UTC(2017,01,02,17,30),643.0],
[Date.UTC(2017,01,02,17,35),657.0],
[Date.UTC(2017,01,02,17,40),654.0],
[Date.UTC(2017,01,02,17,45),667.0],
[Date.UTC(2017,01,02,17,50),665.0],
[Date.UTC(2017,01,02,17,55),656.0],
[Date.UTC(2017,01,02,18,00),646.0],
[Date.UTC(2017,01,02,18,05),616.0],
[Date.UTC(2017,01,02,18,10),608.0],
[Date.UTC(2017,01,02,18,15),624.0],
[Date.UTC(2017,01,02,18,20),612.0],
[Date.UTC(2017,01,02,18,25),621.0],
[Date.UTC(2017,01,02,18,30),596.0],
[Date.UTC(2017,01,02,18,35),640.0],
[Date.UTC(2017,01,02,18,40),586.0],
[Date.UTC(2017,01,02,18,45),571.0],
[Date.UTC(2017,01,02,18,50),577.0],
[Date.UTC(2017,01,02,18,55),589.0],
[Date.UTC(2017,01,02,19,00),559.0],
[Date.UTC(2017,01,02,19,05),561.0],
[Date.UTC(2017,01,02,19,10),598.0],
[Date.UTC(2017,01,02,19,15),615.0],
[Date.UTC(2017,01,02,19,20),588.0],
[Date.UTC(2017,01,02,19,25),594.0],
[Date.UTC(2017,01,02,19,30),584.0],
[Date.UTC(2017,01,02,19,35),551.0],
[Date.UTC(2017,01,02,19,40),556.0],
[Date.UTC(2017,01,02,19,45),550.0],
[Date.UTC(2017,01,02,19,50),516.0],
[Date.UTC(2017,01,02,19,55),535.0],
[Date.UTC(2017,01,02,20,00),542.0],
[Date.UTC(2017,01,02,20,05),517.0],
[Date.UTC(2017,01,02,20,10),552.0],
[Date.UTC(2017,01,02,20,15),490.0],
[Date.UTC(2017,01,02,20,20),490.0],
[Date.UTC(2017,01,02,20,25),507.0],
[Date.UTC(2017,01,02,20,30),488.0],
[Date.UTC(2017,01,02,20,35),464.0],
[Date.UTC(2017,01,02,20,40),469.0],
[Date.UTC(2017,01,02,20,45),485.0],
[Date.UTC(2017,01,02,20,50),475.0],
[Date.UTC(2017,01,02,20,55),478.0],
[Date.UTC(2017,01,02,21,00),450.0],
[Date.UTC(2017,01,02,21,05),455.0],
[Date.UTC(2017,01,02,21,10),466.0],
[Date.UTC(2017,01,02,21,15),443.0],
[Date.UTC(2017,01,02,21,20),462.0],
[Date.UTC(2017,01,02,21,25),462.0],
[Date.UTC(2017,01,02,21,30),481.0],
[Date.UTC(2017,01,02,21,35),450.0],
[Date.UTC(2017,01,02,21,40),450.0],
[Date.UTC(2017,01,02,21,45),460.0],
[Date.UTC(2017,01,02,21,50),433.0],
[Date.UTC(2017,01,02,21,55),439.0],
[Date.UTC(2017,01,02,22,00),422.0],
[Date.UTC(2017,01,02,22,05),420.0],
[Date.UTC(2017,01,02,22,10),414.0],
[Date.UTC(2017,01,02,22,15),404.0],
[Date.UTC(2017,01,02,22,20),381.0],
[Date.UTC(2017,01,02,22,25),368.0],
[Date.UTC(2017,01,02,22,30),384.0],
[Date.UTC(2017,01,02,22,35),383.0],
[Date.UTC(2017,01,02,22,40),413.0],
[Date.UTC(2017,01,02,22,45),385.0],
[Date.UTC(2017,01,02,22,50),328.0],
[Date.UTC(2017,01,02,22,55),322.0],
[Date.UTC(2017,01,02,23,00),286.0],
[Date.UTC(2017,01,02,23,05),308.0],
[Date.UTC(2017,01,02,23,10),312.0],
[Date.UTC(2017,01,02,23,15),283.0],
[Date.UTC(2017,01,02,23,20),252.0],
[Date.UTC(2017,01,02,23,25),286.0],
[Date.UTC(2017,01,02,23,30),245.0],
[Date.UTC(2017,01,02,23,35),261.0],
[Date.UTC(2017,01,02,23,40),249.0],
[Date.UTC(2017,01,02,23,45),247.0],
[Date.UTC(2017,01,02,23,50),245.0],
[Date.UTC(2017,01,02,23,55),221.0],
[Date.UTC(2017,01,03,00,00),226.0],
[Date.UTC(2017,01,03,00,05),233.0],
[Date.UTC(2017,01,03,00,10),211.0],
[Date.UTC(2017,01,03,00,15),210.0],
[Date.UTC(2017,01,03,00,20),211.0],
[Date.UTC(2017,01,03,00,25),171.0],
[Date.UTC(2017,01,03,00,30),164.0],
[Date.UTC(2017,01,03,00,35),168.0],
[Date.UTC(2017,01,03,00,40),150.0],
[Date.UTC(2017,01,03,00,45),144.0],
[Date.UTC(2017,01,03,00,50),131.0],
[Date.UTC(2017,01,03,00,55),119.0],
[Date.UTC(2017,01,03,01,00),132.0],
[Date.UTC(2017,01,03,01,05),117.0],
[Date.UTC(2017,01,03,01,10),129.0],
[Date.UTC(2017,01,03,01,15),106.0],
[Date.UTC(2017,01,03,01,20),117.0],
[Date.UTC(2017,01,03,01,25),119.0],
[Date.UTC(2017,01,03,01,30),88.0	],
[Date.UTC(2017,01,03,01,35),92.0	],
[Date.UTC(2017,01,03,01,40),83.0	],
[Date.UTC(2017,01,03,01,45),91.0	],
[Date.UTC(2017,01,03,01,50),81.0	],
[Date.UTC(2017,01,03,01,55),75.0	],
[Date.UTC(2017,01,03,02,00),84.0	],
[Date.UTC(2017,01,03,02,05),89.0	],
[Date.UTC(2017,01,03,02,10),81.0	],
[Date.UTC(2017,01,03,02,15),78.0	],
[Date.UTC(2017,01,03,02,20),84.0	],
[Date.UTC(2017,01,03,02,25),84.0	],
[Date.UTC(2017,01,03,02,30),72.0	],
[Date.UTC(2017,01,03,02,35),69.0	],
[Date.UTC(2017,01,03,02,40),79.0	],
[Date.UTC(2017,01,03,02,45),73.0	],
[Date.UTC(2017,01,03,02,50),73.0	],
[Date.UTC(2017,01,03,02,55),61.0	],
[Date.UTC(2017,01,03,03,00),70.0	],
[Date.UTC(2017,01,03,03,05),61.0	],
[Date.UTC(2017,01,03,03,10),63.0	],
[Date.UTC(2017,01,03,03,15),71.0	],
[Date.UTC(2017,01,03,03,20),69.0	],
[Date.UTC(2017,01,03,03,25),70.0	],
[Date.UTC(2017,01,03,03,30),76.0	],
[Date.UTC(2017,01,03,03,35),78.0	],
[Date.UTC(2017,01,03,03,40),82.0	],
[Date.UTC(2017,01,03,03,45),98.0	],
[Date.UTC(2017,01,03,03,50),94.0	],
[Date.UTC(2017,01,03,03,55),94.0	],
[Date.UTC(2017,01,03,04,00),85.0	],
[Date.UTC(2017,01,03,04,05),89.0	],
[Date.UTC(2017,01,03,04,10),96.0	],
[Date.UTC(2017,01,03,04,15),110.0],
[Date.UTC(2017,01,03,04,20),134.0],
[Date.UTC(2017,01,03,04,25),131.0],
[Date.UTC(2017,01,03,04,30),138.0],
[Date.UTC(2017,01,03,04,35),142.0],
[Date.UTC(2017,01,03,04,40),164.0],
[Date.UTC(2017,01,03,04,45),167.0],
[Date.UTC(2017,01,03,04,50),189.0],
[Date.UTC(2017,01,03,04,55),219.0],
[Date.UTC(2017,01,03,05,00),219.0],
[Date.UTC(2017,01,03,05,05),240.0],
[Date.UTC(2017,01,03,05,10),249.0],
[Date.UTC(2017,01,03,05,15),260.0],
[Date.UTC(2017,01,03,05,20),285.0],
[Date.UTC(2017,01,03,05,25),312.0],
[Date.UTC(2017,01,03,05,30),334.0],
[Date.UTC(2017,01,03,05,35),381.0],
[Date.UTC(2017,01,03,05,40),345.0],
[Date.UTC(2017,01,03,05,45),425.0],
[Date.UTC(2017,01,03,05,50),405.0],
[Date.UTC(2017,01,03,05,55),449.0],
[Date.UTC(2017,01,03,06,00),401.0],
[Date.UTC(2017,01,03,06,05),430.0],
[Date.UTC(2017,01,03,06,10),448.0],
[Date.UTC(2017,01,03,06,15),519.0],
[Date.UTC(2017,01,03,06,20),511.0],
[Date.UTC(2017,01,03,06,25),567.0],
[Date.UTC(2017,01,03,06,30),607.0],
[Date.UTC(2017,01,03,06,35),670.0],
[Date.UTC(2017,01,03,06,40),694.0],
[Date.UTC(2017,01,03,06,45),708.0],
[Date.UTC(2017,01,03,06,50),644.0],
[Date.UTC(2017,01,03,06,55),702.0],
[Date.UTC(2017,01,03,07,00),673.0],
[Date.UTC(2017,01,03,07,05),691.0],
[Date.UTC(2017,01,03,07,10),670.0],
[Date.UTC(2017,01,03,07,15),677.0],
[Date.UTC(2017,01,03,07,20),695.0],
[Date.UTC(2017,01,03,07,25),647.0],
[Date.UTC(2017,01,03,07,30),650.0],
[Date.UTC(2017,01,03,07,35),693.0],
[Date.UTC(2017,01,03,07,40),608.0],
[Date.UTC(2017,01,03,07,45),655.0],
[Date.UTC(2017,01,03,07,50),687.0],
[Date.UTC(2017,01,03,07,55),726.0],
[Date.UTC(2017,01,03,08,00),707.0],
[Date.UTC(2017,01,03,08,05),668.0],
[Date.UTC(2017,01,03,08,10),684.0],
[Date.UTC(2017,01,03,08,15),680.0],
[Date.UTC(2017,01,03,08,20),628.0],
[Date.UTC(2017,01,03,08,25),694.0],
[Date.UTC(2017,01,03,08,30),625.0],
[Date.UTC(2017,01,03,08,35),667.0],
[Date.UTC(2017,01,03,08,40),684.0],
[Date.UTC(2017,01,03,08,45),666.0],
[Date.UTC(2017,01,03,08,50),729.0],
[Date.UTC(2017,01,03,08,55),663.0],
[Date.UTC(2017,01,03,09,00),640.0],
[Date.UTC(2017,01,03,09,05),621.0],
[Date.UTC(2017,01,03,09,10),660.0],
[Date.UTC(2017,01,03,09,15),698.0],
[Date.UTC(2017,01,03,09,20),641.0],
[Date.UTC(2017,01,03,09,25),749.0],
[Date.UTC(2017,01,03,09,30),710.0],
[Date.UTC(2017,01,03,09,35),669.0],
[Date.UTC(2017,01,03,09,40),668.0],
[Date.UTC(2017,01,03,09,45),655.0],
[Date.UTC(2017,01,03,09,50),705.0],
[Date.UTC(2017,01,03,09,55),670.0],
[Date.UTC(2017,01,03,10,00),668.0],
[Date.UTC(2017,01,03,10,05),568.0],
[Date.UTC(2017,01,03,10,10),585.0],
[Date.UTC(2017,01,03,10,15),682.0],
[Date.UTC(2017,01,03,10,20),626.0],
[Date.UTC(2017,01,03,10,25),611.0],
[Date.UTC(2017,01,03,10,30),572.0],
[Date.UTC(2017,01,03,10,35),606.0],
[Date.UTC(2017,01,03,10,40),645.0],
[Date.UTC(2017,01,03,10,45),589.0],
[Date.UTC(2017,01,03,10,50),648.0],
[Date.UTC(2017,01,03,10,55),619.0],
[Date.UTC(2017,01,03,11,00),543.0],
[Date.UTC(2017,01,03,11,05),517.0],
[Date.UTC(2017,01,03,11,10),399.0],
[Date.UTC(2017,01,03,11,15),610.0],
[Date.UTC(2017,01,03,11,20),574.0],
[Date.UTC(2017,01,03,11,25),567.0],
[Date.UTC(2017,01,03,11,30),518.0],
[Date.UTC(2017,01,03,11,35),610.0],
[Date.UTC(2017,01,03,11,40),689.0],
[Date.UTC(2017,01,03,11,45),580.0],
[Date.UTC(2017,01,03,11,50),589.0],
[Date.UTC(2017,01,03,11,55),611.0],
[Date.UTC(2017,01,03,12,00),607.0],
[Date.UTC(2017,01,03,12,05),632.0],
[Date.UTC(2017,01,03,12,10),556.0],
[Date.UTC(2017,01,03,12,15),604.0],
[Date.UTC(2017,01,03,12,20),576.0],
[Date.UTC(2017,01,03,12,25),518.0],
[Date.UTC(2017,01,03,12,30),587.0],
[Date.UTC(2017,01,03,12,35),615.0],
[Date.UTC(2017,01,03,12,40),637.0],
[Date.UTC(2017,01,03,12,45),601.0],
[Date.UTC(2017,01,03,12,50),679.0],
[Date.UTC(2017,01,03,12,55),594.0],
[Date.UTC(2017,01,03,13,00),566.0],
[Date.UTC(2017,01,03,13,05),593.0],
[Date.UTC(2017,01,03,13,10),635.0],
[Date.UTC(2017,01,03,13,15),470.0],
[Date.UTC(2017,01,03,13,20),610.0],
[Date.UTC(2017,01,03,13,25),513.0],
[Date.UTC(2017,01,03,13,30),547.0],
[Date.UTC(2017,01,03,13,35),559.0],
[Date.UTC(2017,01,03,13,40),716.0],
[Date.UTC(2017,01,03,13,45),659.0],
[Date.UTC(2017,01,03,13,50),698.0],
[Date.UTC(2017,01,03,13,55),678.0],
[Date.UTC(2017,01,03,14,00),641.0],
[Date.UTC(2017,01,03,14,05),651.0],
[Date.UTC(2017,01,03,14,10),634.0],
[Date.UTC(2017,01,03,14,15),585.0],
[Date.UTC(2017,01,03,14,20),581.0],
[Date.UTC(2017,01,03,14,25),636.0],
[Date.UTC(2017,01,03,14,30),613.0],
[Date.UTC(2017,01,03,14,35),620.0],
[Date.UTC(2017,01,03,14,40),647.0],
[Date.UTC(2017,01,03,14,45),633.0],
[Date.UTC(2017,01,03,14,50),600.0],
[Date.UTC(2017,01,03,14,55),638.0],
[Date.UTC(2017,01,03,15,00),611.0],
[Date.UTC(2017,01,03,15,05),653.0],
[Date.UTC(2017,01,03,15,10),623.0],
[Date.UTC(2017,01,03,15,15),582.0],
[Date.UTC(2017,01,03,15,20),570.0],
[Date.UTC(2017,01,03,15,25),561.0],
[Date.UTC(2017,01,03,15,30),536.0],
[Date.UTC(2017,01,03,15,35),593.0],
[Date.UTC(2017,01,03,15,40),568.0],
[Date.UTC(2017,01,03,15,45),581.0],
[Date.UTC(2017,01,03,15,50),597.0],
[Date.UTC(2017,01,03,15,55),603.0],
[Date.UTC(2017,01,03,16,00),647.0],
[Date.UTC(2017,01,03,16,05),653.0],
[Date.UTC(2017,01,03,16,10),583.0],
[Date.UTC(2017,01,03,16,15),712.0],
[Date.UTC(2017,01,03,16,20),611.0],
[Date.UTC(2017,01,03,16,25),525.0],
[Date.UTC(2017,01,03,16,30),617.0],
[Date.UTC(2017,01,03,16,35),618.0],
[Date.UTC(2017,01,03,16,40),645.0],
[Date.UTC(2017,01,03,16,45),602.0],
[Date.UTC(2017,01,03,16,50),634.0],
[Date.UTC(2017,01,03,16,55),648.0],
[Date.UTC(2017,01,03,17,00),560.0],
[Date.UTC(2017,01,03,17,05),591.0],
[Date.UTC(2017,01,03,17,10),576.0],
[Date.UTC(2017,01,03,17,15),620.0],
[Date.UTC(2017,01,03,17,20),583.0],
[Date.UTC(2017,01,03,17,25),565.0],
[Date.UTC(2017,01,03,17,30),561.0],
[Date.UTC(2017,01,03,17,35),559.0],
[Date.UTC(2017,01,03,17,40),593.0],
[Date.UTC(2017,01,03,17,45),648.0],
[Date.UTC(2017,01,03,17,50),602.0],
[Date.UTC(2017,01,03,17,55),580.0],
[Date.UTC(2017,01,03,18,00),589.0],
[Date.UTC(2017,01,03,18,05),570.0],
[Date.UTC(2017,01,03,18,10),605.0],
[Date.UTC(2017,01,03,18,15),540.0],
[Date.UTC(2017,01,03,18,20),581.0],
[Date.UTC(2017,01,03,18,25),616.0],
[Date.UTC(2017,01,03,18,30),569.0],
[Date.UTC(2017,01,03,18,35),574.0],
[Date.UTC(2017,01,03,18,40),597.0],
[Date.UTC(2017,01,03,18,45),617.0],
[Date.UTC(2017,01,03,18,50),565.0],
[Date.UTC(2017,01,03,18,55),539.0],
[Date.UTC(2017,01,03,19,00),538.0],
[Date.UTC(2017,01,03,19,05),480.0],
[Date.UTC(2017,01,03,19,10),483.0],
[Date.UTC(2017,01,03,19,15),496.0],
[Date.UTC(2017,01,03,19,20),423.0],
[Date.UTC(2017,01,03,19,25),509.0],
[Date.UTC(2017,01,03,19,30),524.0],
[Date.UTC(2017,01,03,19,35),502.0],
[Date.UTC(2017,01,03,19,40),494.0],
[Date.UTC(2017,01,03,19,45),509.0],
[Date.UTC(2017,01,03,19,50),462.0],
[Date.UTC(2017,01,03,19,55),446.0],
[Date.UTC(2017,01,03,20,00),465.0],
[Date.UTC(2017,01,03,20,05),409.0],
[Date.UTC(2017,01,03,20,10),444.0],
[Date.UTC(2017,01,03,20,15),413.0],
[Date.UTC(2017,01,03,20,20),405.0],
[Date.UTC(2017,01,03,20,25),426.0],
[Date.UTC(2017,01,03,20,30),434.0],
[Date.UTC(2017,01,03,20,35),383.0],
[Date.UTC(2017,01,03,20,40),401.0],
[Date.UTC(2017,01,03,20,45),406.0],
[Date.UTC(2017,01,03,20,50),390.0],
[Date.UTC(2017,01,03,20,55),362.0],
[Date.UTC(2017,01,03,21,00),386.0],
[Date.UTC(2017,01,03,21,05),391.0],
[Date.UTC(2017,01,03,21,10),401.0],
[Date.UTC(2017,01,03,21,15),421.0],
[Date.UTC(2017,01,03,21,20),387.0],
[Date.UTC(2017,01,03,21,25),415.0],
[Date.UTC(2017,01,03,21,30),382.0],
[Date.UTC(2017,01,03,21,35),371.0],
[Date.UTC(2017,01,03,21,40),364.0],
[Date.UTC(2017,01,03,21,45),379.0],
[Date.UTC(2017,01,03,21,50),317.0],
[Date.UTC(2017,01,03,21,55),354.0],
[Date.UTC(2017,01,03,22,00),339.0],
[Date.UTC(2017,01,03,22,05),330.0],
[Date.UTC(2017,01,03,22,10),333.0],
[Date.UTC(2017,01,03,22,15),332.0],
[Date.UTC(2017,01,03,22,20),325.0],
[Date.UTC(2017,01,03,22,25),349.0],
[Date.UTC(2017,01,03,22,30),358.0],
[Date.UTC(2017,01,03,22,35),389.0],
[Date.UTC(2017,01,03,22,40),412.0],
[Date.UTC(2017,01,03,22,45),336.0],
[Date.UTC(2017,01,03,22,50),293.0],
[Date.UTC(2017,01,03,22,55),276.0],
[Date.UTC(2017,01,03,23,00),283.0],
[Date.UTC(2017,01,03,23,05),261.0],
[Date.UTC(2017,01,03,23,10),242.0],
[Date.UTC(2017,01,03,23,15),259.0],
[Date.UTC(2017,01,03,23,20),218.0],
[Date.UTC(2017,01,03,23,25),262.0],
[Date.UTC(2017,01,03,23,30),224.0],
[Date.UTC(2017,01,03,23,35),211.0],
[Date.UTC(2017,01,03,23,40),213.0],
[Date.UTC(2017,01,03,23,45),209.0],
[Date.UTC(2017,01,03,23,50),181.0],
[Date.UTC(2017,01,03,23,55),194.0],
[Date.UTC(2017,01,04,00,00),198.0],
[Date.UTC(2017,01,04,00,05),198.0],
[Date.UTC(2017,01,04,00,10),178.0],
[Date.UTC(2017,01,04,00,15),196.0],
[Date.UTC(2017,01,04,00,20),203.0],
[Date.UTC(2017,01,04,00,25),188.0],
[Date.UTC(2017,01,04,00,30),156.0],
[Date.UTC(2017,01,04,00,35),158.0],
[Date.UTC(2017,01,04,00,40),187.0],
[Date.UTC(2017,01,04,00,45),184.0],
[Date.UTC(2017,01,04,00,50),163.0],
[Date.UTC(2017,01,04,00,55),154.0],
[Date.UTC(2017,01,04,01,00),166.0],
[Date.UTC(2017,01,04,01,05),155.0],
[Date.UTC(2017,01,04,01,10),150.0],
[Date.UTC(2017,01,04,01,15),121.0],
[Date.UTC(2017,01,04,01,20),156.0],
[Date.UTC(2017,01,04,01,25),139.0],
[Date.UTC(2017,01,04,01,30),186.0],
[Date.UTC(2017,01,04,01,35),139.0],
[Date.UTC(2017,01,04,01,40),159.0],
[Date.UTC(2017,01,04,01,45),145.0],
[Date.UTC(2017,01,04,01,50),144.0],
[Date.UTC(2017,01,04,01,55),151.0],
[Date.UTC(2017,01,04,02,00),151.0],
[Date.UTC(2017,01,04,02,05),133.0],
[Date.UTC(2017,01,04,02,10),133.0],
[Date.UTC(2017,01,04,02,15),131.0],
[Date.UTC(2017,01,04,02,20),124.0],
[Date.UTC(2017,01,04,02,25),127.0],
[Date.UTC(2017,01,04,02,30),107.0],
[Date.UTC(2017,01,04,02,35),127.0],
[Date.UTC(2017,01,04,02,40),140.0],
[Date.UTC(2017,01,04,02,45),137.0],
[Date.UTC(2017,01,04,02,50),103.0],
[Date.UTC(2017,01,04,02,55),150.0],
[Date.UTC(2017,01,04,03,00),104.0],
[Date.UTC(2017,01,04,03,05),109.0],
[Date.UTC(2017,01,04,03,10),107.0],
[Date.UTC(2017,01,04,03,15),116.0],
[Date.UTC(2017,01,04,03,20),107.0],
[Date.UTC(2017,01,04,03,25),128.0],
[Date.UTC(2017,01,04,03,30),97.0	],
[Date.UTC(2017,01,04,03,35),92.0	],
[Date.UTC(2017,01,04,03,40),115.0],
[Date.UTC(2017,01,04,03,45),132.0],
[Date.UTC(2017,01,04,03,50),124.0],
[Date.UTC(2017,01,04,03,55),110.0],
[Date.UTC(2017,01,04,04,00),101.0],
[Date.UTC(2017,01,04,04,05),118.0],
[Date.UTC(2017,01,04,04,10),106.0],
[Date.UTC(2017,01,04,04,15),97.0	],
[Date.UTC(2017,01,04,04,20),130.0],
[Date.UTC(2017,01,04,04,25),146.0],
[Date.UTC(2017,01,04,04,30),140.0],
[Date.UTC(2017,01,04,04,35),136.0],
[Date.UTC(2017,01,04,04,40),168.0],
[Date.UTC(2017,01,04,04,45),148.0],
[Date.UTC(2017,01,04,04,50),260.0],
[Date.UTC(2017,01,04,04,55),245.0],
[Date.UTC(2017,01,04,05,00),227.0],
[Date.UTC(2017,01,04,05,05),234.0],
[Date.UTC(2017,01,04,05,10),241.0],
[Date.UTC(2017,01,04,05,15),315.0],
[Date.UTC(2017,01,04,05,20),300.0],
[Date.UTC(2017,01,04,05,25),365.0],
[Date.UTC(2017,01,04,05,30),343.0],
[Date.UTC(2017,01,04,05,35),344.0],
[Date.UTC(2017,01,04,05,40),339.0],
[Date.UTC(2017,01,04,05,45),383.0],
[Date.UTC(2017,01,04,05,50),393.0],
[Date.UTC(2017,01,04,05,55),413.0],
[Date.UTC(2017,01,04,06,00),349.0],
[Date.UTC(2017,01,04,06,05),404.0],
[Date.UTC(2017,01,04,06,10),441.0],
[Date.UTC(2017,01,04,06,15),495.0],
[Date.UTC(2017,01,04,06,20),554.0],
[Date.UTC(2017,01,04,06,25),526.0],
[Date.UTC(2017,01,04,06,30),602.0],
[Date.UTC(2017,01,04,06,35),639.0],
[Date.UTC(2017,01,04,06,40),702.0],
[Date.UTC(2017,01,04,06,45),720.0],
[Date.UTC(2017,01,04,06,50),667.0],
[Date.UTC(2017,01,04,06,55),657.0],
[Date.UTC(2017,01,04,07,00),679.0],
[Date.UTC(2017,01,04,07,05),684.0],
[Date.UTC(2017,01,04,07,10),636.0],
[Date.UTC(2017,01,04,07,15),675.0],
[Date.UTC(2017,01,04,07,20),701.0],
[Date.UTC(2017,01,04,07,25),707.0],
[Date.UTC(2017,01,04,07,30),694.0],
[Date.UTC(2017,01,04,07,35),662.0],
[Date.UTC(2017,01,04,07,40),731.0],
[Date.UTC(2017,01,04,07,45),702.0],
[Date.UTC(2017,01,04,07,50),689.0],
[Date.UTC(2017,01,04,07,55),657.0],
[Date.UTC(2017,01,04,08,00),631.0],
[Date.UTC(2017,01,04,08,05),633.0],
[Date.UTC(2017,01,04,08,10),695.0],
[Date.UTC(2017,01,04,08,15),663.0],
[Date.UTC(2017,01,04,08,20),663.0],
[Date.UTC(2017,01,04,08,25),730.0],
[Date.UTC(2017,01,04,08,30),705.0],
[Date.UTC(2017,01,04,08,35),662.0],
[Date.UTC(2017,01,04,08,40),626.0],
[Date.UTC(2017,01,04,08,45),640.0],
[Date.UTC(2017,01,04,08,50),638.0],
[Date.UTC(2017,01,04,08,55),666.0],
[Date.UTC(2017,01,04,09,00),698.0],
[Date.UTC(2017,01,04,09,05),675.0],
[Date.UTC(2017,01,04,09,10),650.0],
[Date.UTC(2017,01,04,09,15),676.0],
[Date.UTC(2017,01,04,09,20),630.0],
[Date.UTC(2017,01,04,09,25),633.0],
[Date.UTC(2017,01,04,09,30),651.0],
[Date.UTC(2017,01,04,09,35),606.0],
[Date.UTC(2017,01,04,09,40),640.0],
[Date.UTC(2017,01,04,09,45),607.0],
[Date.UTC(2017,01,04,09,50),686.0],
[Date.UTC(2017,01,04,09,55),681.0],
[Date.UTC(2017,01,04,10,00),678.0],
[Date.UTC(2017,01,04,10,05),660.0],
[Date.UTC(2017,01,04,10,10),649.0],
[Date.UTC(2017,01,04,10,15),632.0],
[Date.UTC(2017,01,04,10,20),599.0],
[Date.UTC(2017,01,04,10,25),542.0],
[Date.UTC(2017,01,04,10,30),593.0],
[Date.UTC(2017,01,04,10,35),590.0],
[Date.UTC(2017,01,04,10,40),609.0],
[Date.UTC(2017,01,04,10,45),658.0],
[Date.UTC(2017,01,04,10,50),582.0],
[Date.UTC(2017,01,04,10,55),627.0],
[Date.UTC(2017,01,04,11,00),589.0],
[Date.UTC(2017,01,04,11,05),599.0],
[Date.UTC(2017,01,04,11,10),600.0],
[Date.UTC(2017,01,04,11,15),637.0],
[Date.UTC(2017,01,04,11,20),658.0],
[Date.UTC(2017,01,04,11,25),614.0],
[Date.UTC(2017,01,04,11,30),625.0],
[Date.UTC(2017,01,04,11,35),634.0],
[Date.UTC(2017,01,04,11,40),556.0],
[Date.UTC(2017,01,04,11,45),618.0],
[Date.UTC(2017,01,04,11,50),690.0],
[Date.UTC(2017,01,04,11,55),617.0],
[Date.UTC(2017,01,04,12,00),580.0],
[Date.UTC(2017,01,04,12,05),637.0],
[Date.UTC(2017,01,04,12,10),604.0],
[Date.UTC(2017,01,04,12,15),670.0],
[Date.UTC(2017,01,04,12,20),645.0],
[Date.UTC(2017,01,04,12,25),604.0],
[Date.UTC(2017,01,04,12,30),634.0],
[Date.UTC(2017,01,04,12,35),623.0],
[Date.UTC(2017,01,04,12,40),667.0],
[Date.UTC(2017,01,04,12,45),598.0],
[Date.UTC(2017,01,04,12,50),585.0],
[Date.UTC(2017,01,04,12,55),611.0],
[Date.UTC(2017,01,04,13,00),575.0],
[Date.UTC(2017,01,04,13,05),577.0],
[Date.UTC(2017,01,04,13,10),583.0],
[Date.UTC(2017,01,04,13,15),640.0],
[Date.UTC(2017,01,04,13,20),528.0],
[Date.UTC(2017,01,04,13,25),716.0],
[Date.UTC(2017,01,04,13,30),707.0],
[Date.UTC(2017,01,04,13,35),642.0],
[Date.UTC(2017,01,04,13,40),663.0],
[Date.UTC(2017,01,04,13,45),724.0],
[Date.UTC(2017,01,04,13,50),702.0],
[Date.UTC(2017,01,04,13,55),629.0],
[Date.UTC(2017,01,04,14,00),518.0],
[Date.UTC(2017,01,04,14,05),660.0],
[Date.UTC(2017,01,04,14,10),678.0],
[Date.UTC(2017,01,04,14,15),701.0],
[Date.UTC(2017,01,04,14,20),699.0],
[Date.UTC(2017,01,04,14,25),640.0],
[Date.UTC(2017,01,04,14,30),587.0],
[Date.UTC(2017,01,04,14,35),684.0],
[Date.UTC(2017,01,04,14,40),704.0],
[Date.UTC(2017,01,04,14,45),655.0],
[Date.UTC(2017,01,04,14,50),636.0],
[Date.UTC(2017,01,04,14,55),655.0],
[Date.UTC(2017,01,04,15,00),621.0],
[Date.UTC(2017,01,04,15,05),616.0],
[Date.UTC(2017,01,04,15,10),643.0],
[Date.UTC(2017,01,04,15,15),653.0],
[Date.UTC(2017,01,04,15,20),688.0],
[Date.UTC(2017,01,04,15,25),680.0],
[Date.UTC(2017,01,04,15,30),630.0],
[Date.UTC(2017,01,04,15,35),640.0],
[Date.UTC(2017,01,04,15,40),632.0],
[Date.UTC(2017,01,04,15,45),639.0],
[Date.UTC(2017,01,04,15,50),648.0],
[Date.UTC(2017,01,04,15,55),615.0],
[Date.UTC(2017,01,04,16,00),607.0],
[Date.UTC(2017,01,04,16,05),626.0],
[Date.UTC(2017,01,04,16,10),594.0],
[Date.UTC(2017,01,04,16,15),642.0],
[Date.UTC(2017,01,04,16,20),660.0],
[Date.UTC(2017,01,04,16,25),645.0],
[Date.UTC(2017,01,04,16,30),657.0],
[Date.UTC(2017,01,04,16,35),619.0],
[Date.UTC(2017,01,04,16,40),622.0],
[Date.UTC(2017,01,04,16,45),638.0],
[Date.UTC(2017,01,04,16,50),618.0],
[Date.UTC(2017,01,04,16,55),629.0],
[Date.UTC(2017,01,04,17,00),647.0],
[Date.UTC(2017,01,04,17,05),627.0],
[Date.UTC(2017,01,04,17,10),675.0],
[Date.UTC(2017,01,04,17,15),649.0],
[Date.UTC(2017,01,04,17,20),634.0],
[Date.UTC(2017,01,04,17,25),632.0],
[Date.UTC(2017,01,04,17,30),640.0],
[Date.UTC(2017,01,04,17,35),619.0],
[Date.UTC(2017,01,04,17,40),598.0],
[Date.UTC(2017,01,04,17,45),603.0],
[Date.UTC(2017,01,04,17,50),647.0],
[Date.UTC(2017,01,04,17,55),623.0],
[Date.UTC(2017,01,04,18,00),646.0],
[Date.UTC(2017,01,04,18,05),668.0],
[Date.UTC(2017,01,04,18,10),649.0],
[Date.UTC(2017,01,04,18,15),670.0],
[Date.UTC(2017,01,04,18,20),601.0],
[Date.UTC(2017,01,04,18,25),647.0],
[Date.UTC(2017,01,04,18,30),616.0],
[Date.UTC(2017,01,04,18,35),566.0],
[Date.UTC(2017,01,04,18,40),620.0],
[Date.UTC(2017,01,04,18,45),634.0],
[Date.UTC(2017,01,04,18,50),630.0],
[Date.UTC(2017,01,04,18,55),573.0],
[Date.UTC(2017,01,04,19,00),566.0],
[Date.UTC(2017,01,04,19,05),553.0],
[Date.UTC(2017,01,04,19,10),586.0],
[Date.UTC(2017,01,04,19,15),542.0],
[Date.UTC(2017,01,04,19,20),533.0],
[Date.UTC(2017,01,04,19,25),493.0],
[Date.UTC(2017,01,04,19,30),528.0],
[Date.UTC(2017,01,04,19,35),517.0],
[Date.UTC(2017,01,04,19,40),539.0],
[Date.UTC(2017,01,04,19,45),476.0],
[Date.UTC(2017,01,04,19,50),516.0],
[Date.UTC(2017,01,04,19,55),527.0],
[Date.UTC(2017,01,04,20,00),543.0],
[Date.UTC(2017,01,04,20,05),501.0],
[Date.UTC(2017,01,04,20,10),528.0],
[Date.UTC(2017,01,04,20,15),428.0],
[Date.UTC(2017,01,04,20,20),491.0],
[Date.UTC(2017,01,04,20,25),473.0],
[Date.UTC(2017,01,04,20,30),507.0],
[Date.UTC(2017,01,04,20,35),460.0],
[Date.UTC(2017,01,04,20,40),482.0],
[Date.UTC(2017,01,04,20,45),454.0],
[Date.UTC(2017,01,04,20,50),439.0],
[Date.UTC(2017,01,04,20,55),458.0],
[Date.UTC(2017,01,04,21,00),445.0],
[Date.UTC(2017,01,04,21,05),373.0],
[Date.UTC(2017,01,04,21,10),480.0],
[Date.UTC(2017,01,04,21,15),450.0],
[Date.UTC(2017,01,04,21,20),387.0],
[Date.UTC(2017,01,04,21,25),425.0],
[Date.UTC(2017,01,04,21,30),406.0],
[Date.UTC(2017,01,04,21,35),454.0],
[Date.UTC(2017,01,04,21,40),413.0],
[Date.UTC(2017,01,04,21,45),412.0],
[Date.UTC(2017,01,04,21,50),398.0],
[Date.UTC(2017,01,04,21,55),332.0],
[Date.UTC(2017,01,04,22,00),375.0],
[Date.UTC(2017,01,04,22,05),356.0],
[Date.UTC(2017,01,04,22,10),362.0],
[Date.UTC(2017,01,04,22,15),332.0],
[Date.UTC(2017,01,04,22,20),375.0],
[Date.UTC(2017,01,04,22,25),362.0],
[Date.UTC(2017,01,04,22,30),365.0],
[Date.UTC(2017,01,04,22,35),416.0],
[Date.UTC(2017,01,04,22,40),440.0],
[Date.UTC(2017,01,04,22,45),393.0],
[Date.UTC(2017,01,04,22,50),346.0],
[Date.UTC(2017,01,04,22,55),301.0],
[Date.UTC(2017,01,04,23,00),300.0],
[Date.UTC(2017,01,04,23,05),308.0],
[Date.UTC(2017,01,04,23,10),299.0],
[Date.UTC(2017,01,04,23,15),267.0],
[Date.UTC(2017,01,04,23,20),258.0],
[Date.UTC(2017,01,04,23,25),249.0],
[Date.UTC(2017,01,04,23,30),279.0],
[Date.UTC(2017,01,04,23,35),281.0],
[Date.UTC(2017,01,04,23,40),274.0],
[Date.UTC(2017,01,04,23,45),231.0],
[Date.UTC(2017,01,04,23,50),240.0],
[Date.UTC(2017,01,04,23,55),233.0],
[Date.UTC(2017,01,05,00,00),244.0],
[Date.UTC(2017,01,05,00,05),221.0],
[Date.UTC(2017,01,05,00,10),224.0],
[Date.UTC(2017,01,05,00,15),192.0],
[Date.UTC(2017,01,05,00,20),164.0],
[Date.UTC(2017,01,05,00,25),195.0],
[Date.UTC(2017,01,05,00,30),179.0],
[Date.UTC(2017,01,05,00,35),169.0],
[Date.UTC(2017,01,05,00,40),164.0],
[Date.UTC(2017,01,05,00,45),184.0],
[Date.UTC(2017,01,05,00,50),173.0],
[Date.UTC(2017,01,05,00,55),190.0],
[Date.UTC(2017,01,05,01,00),148.0],
[Date.UTC(2017,01,05,01,05),168.0],
[Date.UTC(2017,01,05,01,10),127.0],
[Date.UTC(2017,01,05,01,15),150.0],
[Date.UTC(2017,01,05,01,20),113.0],
[Date.UTC(2017,01,05,01,25),172.0],
[Date.UTC(2017,01,05,01,30),128.0],
[Date.UTC(2017,01,05,01,35),108.0],
[Date.UTC(2017,01,05,01,40),107.0],
[Date.UTC(2017,01,05,01,45),147.0],
[Date.UTC(2017,01,05,01,50),107.0],
[Date.UTC(2017,01,05,01,55),99.0	],
[Date.UTC(2017,01,05,02,00),87.0	],
[Date.UTC(2017,01,05,02,05),108.0],
[Date.UTC(2017,01,05,02,10),97.0	],
[Date.UTC(2017,01,05,02,15),89.0	],
[Date.UTC(2017,01,05,02,20),94.0	],
[Date.UTC(2017,01,05,02,25),109.0],
[Date.UTC(2017,01,05,02,30),84.0	],
[Date.UTC(2017,01,05,02,35),82.0	],
[Date.UTC(2017,01,05,02,40),101.0],
[Date.UTC(2017,01,05,02,45),90.0	],
[Date.UTC(2017,01,05,02,50),85.0	],
[Date.UTC(2017,01,05,02,55),85.0	],
[Date.UTC(2017,01,05,03,00),103.0],
[Date.UTC(2017,01,05,03,05),63.0	],
[Date.UTC(2017,01,05,03,10),80.0	],
[Date.UTC(2017,01,05,03,15),88.0	],
[Date.UTC(2017,01,05,03,20),83.0	],
[Date.UTC(2017,01,05,03,25),89.0	],
[Date.UTC(2017,01,05,03,30),93.0	],
[Date.UTC(2017,01,05,03,35),98.0	],
[Date.UTC(2017,01,05,03,40),103.0],
[Date.UTC(2017,01,05,03,45),119.0],
[Date.UTC(2017,01,05,03,50),122.0],
[Date.UTC(2017,01,05,03,55),122.0],
[Date.UTC(2017,01,05,04,00),101.0],
[Date.UTC(2017,01,05,04,05),121.0],
[Date.UTC(2017,01,05,04,10),104.0],
[Date.UTC(2017,01,05,04,15),123.0],
[Date.UTC(2017,01,05,04,20),126.0],
[Date.UTC(2017,01,05,04,25),168.0],
[Date.UTC(2017,01,05,04,30),161.0],
[Date.UTC(2017,01,05,04,35),175.0],
[Date.UTC(2017,01,05,04,40),186.0],
[Date.UTC(2017,01,05,04,45),205.0],
[Date.UTC(2017,01,05,04,50),219.0],
[Date.UTC(2017,01,05,04,55),212.0],
[Date.UTC(2017,01,05,05,00),215.0],
[Date.UTC(2017,01,05,05,05),220.0],
[Date.UTC(2017,01,05,05,10),255.0],
[Date.UTC(2017,01,05,05,15),283.0],
[Date.UTC(2017,01,05,05,20),333.0],
[Date.UTC(2017,01,05,05,25),311.0],
[Date.UTC(2017,01,05,05,30),345.0],
[Date.UTC(2017,01,05,05,35),369.0],
[Date.UTC(2017,01,05,05,40),408.0],
[Date.UTC(2017,01,05,05,45),427.0],
[Date.UTC(2017,01,05,05,50),415.0],
[Date.UTC(2017,01,05,05,55),425.0],
[Date.UTC(2017,01,05,06,00),397.0],
[Date.UTC(2017,01,05,06,05),460.0],
[Date.UTC(2017,01,05,06,10),471.0],
[Date.UTC(2017,01,05,06,15),539.0],
[Date.UTC(2017,01,05,06,20),561.0],
[Date.UTC(2017,01,05,06,25),633.0],
[Date.UTC(2017,01,05,06,30),635.0],
[Date.UTC(2017,01,05,06,35),697.0],
[Date.UTC(2017,01,05,06,40),633.0],
[Date.UTC(2017,01,05,06,45),690.0],
[Date.UTC(2017,01,05,06,50),738.0],
[Date.UTC(2017,01,05,06,55),733.0],
[Date.UTC(2017,01,05,07,00),710.0],
[Date.UTC(2017,01,05,07,05),732.0],
[Date.UTC(2017,01,05,07,10),694.0],
[Date.UTC(2017,01,05,07,15),693.0],
[Date.UTC(2017,01,05,07,20),701.0],
[Date.UTC(2017,01,05,07,25),763.0],
[Date.UTC(2017,01,05,07,30),720.0],
[Date.UTC(2017,01,05,07,35),747.0],
[Date.UTC(2017,01,05,07,40),724.0],
[Date.UTC(2017,01,05,07,45),693.0],
[Date.UTC(2017,01,05,07,50),758.0],
[Date.UTC(2017,01,05,07,55),661.0],
[Date.UTC(2017,01,05,08,00),667.0],
[Date.UTC(2017,01,05,08,05),691.0],
[Date.UTC(2017,01,05,08,10),694.0],
[Date.UTC(2017,01,05,08,15),704.0],
[Date.UTC(2017,01,05,08,20),665.0],
[Date.UTC(2017,01,05,08,25),711.0],
[Date.UTC(2017,01,05,08,30),746.0],
[Date.UTC(2017,01,05,08,35),688.0],
[Date.UTC(2017,01,05,08,40),738.0],
[Date.UTC(2017,01,05,08,45),687.0],
[Date.UTC(2017,01,05,08,50),738.0],
[Date.UTC(2017,01,05,08,55),724.0],
[Date.UTC(2017,01,05,09,00),672.0],
[Date.UTC(2017,01,05,09,05),683.0],
[Date.UTC(2017,01,05,09,10),689.0],
[Date.UTC(2017,01,05,09,15),746.0],
[Date.UTC(2017,01,05,09,20),711.0],
[Date.UTC(2017,01,05,09,25),763.0],
[Date.UTC(2017,01,05,09,30),739.0],
[Date.UTC(2017,01,05,09,35),718.0],
[Date.UTC(2017,01,05,09,40),711.0],
[Date.UTC(2017,01,05,09,45),694.0],
[Date.UTC(2017,01,05,09,50),676.0],
[Date.UTC(2017,01,05,09,55),687.0],
[Date.UTC(2017,01,05,10,00),670.0],
[Date.UTC(2017,01,05,10,05),659.0],
[Date.UTC(2017,01,05,10,10),678.0],
[Date.UTC(2017,01,05,10,15),674.0],
[Date.UTC(2017,01,05,10,20),693.0],
[Date.UTC(2017,01,05,10,25),633.0],
[Date.UTC(2017,01,05,10,30),630.0],
[Date.UTC(2017,01,05,10,35),645.0],
[Date.UTC(2017,01,05,10,40),664.0],
[Date.UTC(2017,01,05,10,45),699.0],
[Date.UTC(2017,01,05,10,50),700.0],
[Date.UTC(2017,01,05,10,55),596.0],
[Date.UTC(2017,01,05,11,00),691.0],
[Date.UTC(2017,01,05,11,05),625.0],
[Date.UTC(2017,01,05,11,10),740.0],
[Date.UTC(2017,01,05,11,15),649.0],
[Date.UTC(2017,01,05,11,20),667.0],
[Date.UTC(2017,01,05,11,25),644.0],
[Date.UTC(2017,01,05,11,30),711.0],
[Date.UTC(2017,01,05,11,35),645.0],
[Date.UTC(2017,01,05,11,40),614.0],
[Date.UTC(2017,01,05,11,45),702.0],
[Date.UTC(2017,01,05,11,50),666.0],
[Date.UTC(2017,01,05,11,55),617.0],
[Date.UTC(2017,01,05,12,00),678.0],
[Date.UTC(2017,01,05,12,05),666.0],
[Date.UTC(2017,01,05,12,10),698.0],
[Date.UTC(2017,01,05,12,15),676.0],
[Date.UTC(2017,01,05,12,20),701.0],
[Date.UTC(2017,01,05,12,25),708.0],
[Date.UTC(2017,01,05,12,30),656.0],
[Date.UTC(2017,01,05,12,35),664.0],
[Date.UTC(2017,01,05,12,40),656.0],
[Date.UTC(2017,01,05,12,45),713.0],
[Date.UTC(2017,01,05,12,50),693.0],
[Date.UTC(2017,01,05,12,55),680.0],
[Date.UTC(2017,01,05,13,00),637.0],
[Date.UTC(2017,01,05,13,05),611.0],
[Date.UTC(2017,01,05,13,10),634.0],
[Date.UTC(2017,01,05,13,15),632.0],
[Date.UTC(2017,01,05,13,20),627.0],
[Date.UTC(2017,01,05,13,25),663.0],
[Date.UTC(2017,01,05,13,30),673.0],
[Date.UTC(2017,01,05,13,35),664.0],
[Date.UTC(2017,01,05,13,40),718.0],
[Date.UTC(2017,01,05,13,45),735.0],
[Date.UTC(2017,01,05,13,50),680.0],
[Date.UTC(2017,01,05,13,55),675.0],
[Date.UTC(2017,01,05,14,00),691.0],
[Date.UTC(2017,01,05,14,05),683.0],
[Date.UTC(2017,01,05,14,10),607.0],
[Date.UTC(2017,01,05,14,15),646.0],
[Date.UTC(2017,01,05,14,20),626.0],
[Date.UTC(2017,01,05,14,25),643.0],
[Date.UTC(2017,01,05,14,30),639.0],
[Date.UTC(2017,01,05,14,35),663.0],
[Date.UTC(2017,01,05,14,40),722.0],
[Date.UTC(2017,01,05,14,45),840.0],
[Date.UTC(2017,01,05,14,50),738.0],
[Date.UTC(2017,01,05,14,55),693.0],
[Date.UTC(2017,01,05,15,00),746.0],
[Date.UTC(2017,01,05,15,05),703.0],
[Date.UTC(2017,01,05,15,10),718.0],
[Date.UTC(2017,01,05,15,15),702.0],
[Date.UTC(2017,01,05,15,20),695.0],
[Date.UTC(2017,01,05,15,25),706.0],
[Date.UTC(2017,01,05,15,30),680.0],
[Date.UTC(2017,01,05,15,35),711.0],
[Date.UTC(2017,01,05,15,40),673.0],
[Date.UTC(2017,01,05,15,45),698.0],
[Date.UTC(2017,01,05,15,50),694.0],
[Date.UTC(2017,01,05,15,55),712.0],
[Date.UTC(2017,01,05,16,00),472.0],
[Date.UTC(2017,01,05,16,05),328.0],
[Date.UTC(2017,01,05,16,10),391.0],
[Date.UTC(2017,01,05,16,15),442.0],
[Date.UTC(2017,01,05,16,20),338.0],
[Date.UTC(2017,01,05,16,25),319.0],
[Date.UTC(2017,01,05,16,30),468.0],
[Date.UTC(2017,01,05,16,35),343.0],
[Date.UTC(2017,01,05,16,40),411.0],
[Date.UTC(2017,01,05,16,45),359.0],
[Date.UTC(2017,01,05,16,50),379.0],
[Date.UTC(2017,01,05,16,55),319.0],
[Date.UTC(2017,01,05,17,00),383.0],
[Date.UTC(2017,01,05,17,05),349.0],
[Date.UTC(2017,01,05,17,10),423.0],
[Date.UTC(2017,01,05,17,15),359.0],
[Date.UTC(2017,01,05,17,20),399.0],
[Date.UTC(2017,01,05,17,25),326.0],
[Date.UTC(2017,01,05,17,30),468.0],
[Date.UTC(2017,01,05,17,35),360.0],
[Date.UTC(2017,01,05,17,40),410.0],
[Date.UTC(2017,01,05,17,45),415.0],
[Date.UTC(2017,01,05,17,50),368.0],
[Date.UTC(2017,01,05,17,55),353.0],
[Date.UTC(2017,01,05,18,00),385.0],
[Date.UTC(2017,01,05,18,05),336.0],
[Date.UTC(2017,01,05,18,10),330.0],
[Date.UTC(2017,01,05,18,15),384.0],
[Date.UTC(2017,01,05,18,20),292.0],
[Date.UTC(2017,01,05,18,25),385.0],
[Date.UTC(2017,01,05,18,30),325.0],
[Date.UTC(2017,01,05,18,35),414.0],
[Date.UTC(2017,01,05,18,40),331.0],
[Date.UTC(2017,01,05,18,45),340.0],
[Date.UTC(2017,01,05,18,50),313.0],
[Date.UTC(2017,01,05,18,55),336.0],
[Date.UTC(2017,01,05,19,00),303.0],
[Date.UTC(2017,01,05,19,05),371.0],
[Date.UTC(2017,01,05,19,10),401.0],
[Date.UTC(2017,01,05,19,15),375.0],
[Date.UTC(2017,01,05,19,20),362.0],
[Date.UTC(2017,01,05,19,25),279.0],
[Date.UTC(2017,01,05,19,30),305.0],
[Date.UTC(2017,01,05,19,35),321.0],
[Date.UTC(2017,01,05,19,40),298.0],
[Date.UTC(2017,01,05,19,45),238.0],
[Date.UTC(2017,01,05,19,50),261.0],
[Date.UTC(2017,01,05,19,55),188.0],
[Date.UTC(2017,01,05,20,00),248.0],
[Date.UTC(2017,01,05,20,05),220.0],
[Date.UTC(2017,01,05,20,10),228.0],
[Date.UTC(2017,01,05,20,15),320.0],
[Date.UTC(2017,01,05,20,20),233.0],
[Date.UTC(2017,01,05,20,25),265.0],
[Date.UTC(2017,01,05,20,30),203.0],
[Date.UTC(2017,01,05,20,35),268.0],
[Date.UTC(2017,01,05,20,40),236.0],
[Date.UTC(2017,01,05,20,45),259.0],
[Date.UTC(2017,01,05,20,50),264.0],
[Date.UTC(2017,01,05,20,55),230.0],
[Date.UTC(2017,01,05,21,00),304.0],
[Date.UTC(2017,01,05,21,05),249.0],
[Date.UTC(2017,01,05,21,10),232.0],
[Date.UTC(2017,01,05,21,15),326.0],
[Date.UTC(2017,01,05,21,20),254.0],
[Date.UTC(2017,01,05,21,25),264.0],
[Date.UTC(2017,01,05,21,30),206.0],
[Date.UTC(2017,01,05,21,35),241.0],
[Date.UTC(2017,01,05,21,40),256.0],
[Date.UTC(2017,01,05,21,45),258.0],
[Date.UTC(2017,01,05,21,50),292.0],
[Date.UTC(2017,01,05,21,55),274.0],
[Date.UTC(2017,01,05,22,00),270.0],
[Date.UTC(2017,01,05,22,05),216.0],
[Date.UTC(2017,01,05,22,10),291.0],
[Date.UTC(2017,01,05,22,15),247.0],
[Date.UTC(2017,01,05,22,20),278.0],
[Date.UTC(2017,01,05,22,25),219.0],
[Date.UTC(2017,01,05,22,30),256.0],
[Date.UTC(2017,01,05,22,35),264.0],
[Date.UTC(2017,01,05,22,40),295.0],
[Date.UTC(2017,01,05,22,45),202.0],
[Date.UTC(2017,01,05,22,50),236.0],
[Date.UTC(2017,01,05,22,55),183.0],
[Date.UTC(2017,01,05,23,00),179.0],
[Date.UTC(2017,01,05,23,05),189.0],
[Date.UTC(2017,01,05,23,10),288.0],
[Date.UTC(2017,01,05,23,15),295.0],
[Date.UTC(2017,01,05,23,20),329.0],
[Date.UTC(2017,01,05,23,25),276.0],
[Date.UTC(2017,01,05,23,30),221.0],
[Date.UTC(2017,01,05,23,35),247.0],
[Date.UTC(2017,01,05,23,40),286.0],
[Date.UTC(2017,01,05,23,45),235.0],
[Date.UTC(2017,01,05,23,50),221.0],
[Date.UTC(2017,01,05,23,55),210.0],
[Date.UTC(2017,01,06,00,00),209.0],
[Date.UTC(2017,01,06,00,05),243.0],
[Date.UTC(2017,01,06,00,10),225.0],
[Date.UTC(2017,01,06,00,15),217.0],
[Date.UTC(2017,01,06,00,20),225.0],
[Date.UTC(2017,01,06,00,25),198.0],
[Date.UTC(2017,01,06,00,30),192.0],
[Date.UTC(2017,01,06,00,35),192.0],
[Date.UTC(2017,01,06,00,40),190.0],
[Date.UTC(2017,01,06,00,45),147.0],
[Date.UTC(2017,01,06,00,50),185.0],
[Date.UTC(2017,01,06,00,55),69.0	],
[Date.UTC(2017,01,06,01,00),0.0	6],
[Date.UTC(2017,01,06,01,05),124.0],
[Date.UTC(2017,01,06,01,10),129.0],
[Date.UTC(2017,01,06,01,15),122.0],
[Date.UTC(2017,01,06,01,20),92.0	],
[Date.UTC(2017,01,06,01,25),101.0],
[Date.UTC(2017,01,06,01,30),85.0	],
[Date.UTC(2017,01,06,01,35),125.0],
[Date.UTC(2017,01,06,01,40),88.0	],
[Date.UTC(2017,01,06,01,45),91.0	],
[Date.UTC(2017,01,06,01,50),99.0	],
[Date.UTC(2017,01,06,01,55),104.0],
[Date.UTC(2017,01,06,02,00),95.0	],
[Date.UTC(2017,01,06,02,05),106.0],
[Date.UTC(2017,01,06,02,10),103.0],
[Date.UTC(2017,01,06,02,15),92.0	],
[Date.UTC(2017,01,06,02,20),97.0	],
[Date.UTC(2017,01,06,02,25),85.0	],
[Date.UTC(2017,01,06,02,30),84.0	],
[Date.UTC(2017,01,06,02,35),76.0	],
[Date.UTC(2017,01,06,02,40),80.0	],
[Date.UTC(2017,01,06,02,45),97.0	],
[Date.UTC(2017,01,06,02,50),86.0	],
[Date.UTC(2017,01,06,02,55),70.0	],
[Date.UTC(2017,01,06,03,00),59.0	],
[Date.UTC(2017,01,06,03,05),78.0	],
[Date.UTC(2017,01,06,03,10),72.0	],
[Date.UTC(2017,01,06,03,15),84.0	],
[Date.UTC(2017,01,06,03,20),68.0	],
[Date.UTC(2017,01,06,03,25),97.0	],
[Date.UTC(2017,01,06,03,30),77.0	],
[Date.UTC(2017,01,06,03,35),76.0	],
[Date.UTC(2017,01,06,03,40),83.0	],
[Date.UTC(2017,01,06,03,45),84.0	],
[Date.UTC(2017,01,06,03,50),90.0	],
[Date.UTC(2017,01,06,03,55),74.0	],
[Date.UTC(2017,01,06,04,00),74.0	],
[Date.UTC(2017,01,06,04,05),89.0	],
[Date.UTC(2017,01,06,04,10),81.0	],
[Date.UTC(2017,01,06,04,15),98.0	],
[Date.UTC(2017,01,06,04,20),124.0],
[Date.UTC(2017,01,06,04,25),136.0],
[Date.UTC(2017,01,06,04,30),157.0],
[Date.UTC(2017,01,06,04,35),153.0],
[Date.UTC(2017,01,06,04,40),183.0],
[Date.UTC(2017,01,06,04,45),173.0],
[Date.UTC(2017,01,06,04,50),158.0],
[Date.UTC(2017,01,06,04,55),187.0],
[Date.UTC(2017,01,06,05,00),180.0],
[Date.UTC(2017,01,06,05,05),194.0],
[Date.UTC(2017,01,06,05,10),206.0],
[Date.UTC(2017,01,06,05,15),270.0],
[Date.UTC(2017,01,06,05,20),255.0],
[Date.UTC(2017,01,06,05,25),290.0],
[Date.UTC(2017,01,06,05,30),347.0],
[Date.UTC(2017,01,06,05,35),320.0],
[Date.UTC(2017,01,06,05,40),345.0],
[Date.UTC(2017,01,06,05,45),348.0],
[Date.UTC(2017,01,06,05,50),361.0],
[Date.UTC(2017,01,06,05,55),373.0],
[Date.UTC(2017,01,06,06,00),349.0],
[Date.UTC(2017,01,06,06,05),386.0],
[Date.UTC(2017,01,06,06,10),401.0],
[Date.UTC(2017,01,06,06,15),446.0],
[Date.UTC(2017,01,06,06,20),490.0],
[Date.UTC(2017,01,06,06,25),546.0],
[Date.UTC(2017,01,06,06,30),557.0],
[Date.UTC(2017,01,06,06,35),598.0],
[Date.UTC(2017,01,06,06,40),624.0],
[Date.UTC(2017,01,06,06,45),720.0],
[Date.UTC(2017,01,06,06,50),668.0],
[Date.UTC(2017,01,06,06,55),617.0],
[Date.UTC(2017,01,06,07,00),615.0],
[Date.UTC(2017,01,06,07,05),630.0],
[Date.UTC(2017,01,06,07,10),635.0],
[Date.UTC(2017,01,06,07,15),637.0],
[Date.UTC(2017,01,06,07,20),642.0],
[Date.UTC(2017,01,06,07,25),730.0],
[Date.UTC(2017,01,06,07,30),742.0],
[Date.UTC(2017,01,06,07,35),698.0],
[Date.UTC(2017,01,06,07,40),715.0],
[Date.UTC(2017,01,06,07,45),665.0],
[Date.UTC(2017,01,06,07,50),746.0],
[Date.UTC(2017,01,06,07,55),650.0],
[Date.UTC(2017,01,06,08,00),674.0],
[Date.UTC(2017,01,06,08,05),683.0],
[Date.UTC(2017,01,06,08,10),662.0],
[Date.UTC(2017,01,06,08,15),702.0],
[Date.UTC(2017,01,06,08,20),548.0],
[Date.UTC(2017,01,06,08,25),586.0],
[Date.UTC(2017,01,06,08,30),571.0],
[Date.UTC(2017,01,06,08,35),636.0],
[Date.UTC(2017,01,06,08,40),741.0],
[Date.UTC(2017,01,06,08,45),712.0],
[Date.UTC(2017,01,06,08,50),698.0],
[Date.UTC(2017,01,06,08,55),731.0],
[Date.UTC(2017,01,06,09,00),693.0],
[Date.UTC(2017,01,06,09,05),524.0],
[Date.UTC(2017,01,06,09,10),622.0],
[Date.UTC(2017,01,06,09,15),629.0],
[Date.UTC(2017,01,06,09,20),744.0],
[Date.UTC(2017,01,06,09,25),689.0],
[Date.UTC(2017,01,06,09,30),711.0],
[Date.UTC(2017,01,06,09,35),696.0],
[Date.UTC(2017,01,06,09,40),759.0],
[Date.UTC(2017,01,06,09,45),664.0],
[Date.UTC(2017,01,06,09,50),655.0],
[Date.UTC(2017,01,06,09,55),689.0],
[Date.UTC(2017,01,06,10,00),589.0],
[Date.UTC(2017,01,06,10,05),673.0],
[Date.UTC(2017,01,06,10,10),669.0],
[Date.UTC(2017,01,06,10,15),673.0],
[Date.UTC(2017,01,06,10,20),618.0],
[Date.UTC(2017,01,06,10,25),703.0],
[Date.UTC(2017,01,06,10,30),681.0],
[Date.UTC(2017,01,06,10,35),592.0],
[Date.UTC(2017,01,06,10,40),651.0],
[Date.UTC(2017,01,06,10,45),699.0],
[Date.UTC(2017,01,06,10,50),646.0],
[Date.UTC(2017,01,06,10,55),629.0],
[Date.UTC(2017,01,06,11,00),584.0],
[Date.UTC(2017,01,06,11,05),563.0],
[Date.UTC(2017,01,06,11,10),686.0],
[Date.UTC(2017,01,06,11,15),650.0],
[Date.UTC(2017,01,06,11,20),682.0],
[Date.UTC(2017,01,06,11,25),637.0],
[Date.UTC(2017,01,06,11,30),663.0],
[Date.UTC(2017,01,06,11,35),660.0],
[Date.UTC(2017,01,06,11,40),696.0],
[Date.UTC(2017,01,06,11,45),643.0],
[Date.UTC(2017,01,06,11,50),668.0],
[Date.UTC(2017,01,06,11,55),690.0],
[Date.UTC(2017,01,06,12,00),653.0],
[Date.UTC(2017,01,06,12,05),534.0],
[Date.UTC(2017,01,06,12,10),658.0],
[Date.UTC(2017,01,06,12,15),717.0],
[Date.UTC(2017,01,06,12,20),649.0],
[Date.UTC(2017,01,06,12,25),665.0],
[Date.UTC(2017,01,06,12,30),653.0],
[Date.UTC(2017,01,06,12,35),703.0],
[Date.UTC(2017,01,06,12,40),639.0],
[Date.UTC(2017,01,06,12,45),665.0],
[Date.UTC(2017,01,06,12,50),694.0],
[Date.UTC(2017,01,06,12,55),615.0],
[Date.UTC(2017,01,06,13,00),663.0],
[Date.UTC(2017,01,06,13,05),667.0],
[Date.UTC(2017,01,06,13,10),677.0],
[Date.UTC(2017,01,06,13,15),706.0],
[Date.UTC(2017,01,06,13,20),697.0],
[Date.UTC(2017,01,06,13,25),689.0],
[Date.UTC(2017,01,06,13,30),691.0],
[Date.UTC(2017,01,06,13,35),745.0],
[Date.UTC(2017,01,06,13,40),725.0],
[Date.UTC(2017,01,06,13,45),729.0],
[Date.UTC(2017,01,06,13,50),733.0],
[Date.UTC(2017,01,06,13,55),683.0],
[Date.UTC(2017,01,06,14,00),684.0],
[Date.UTC(2017,01,06,14,05),698.0],
[Date.UTC(2017,01,06,14,10),717.0],
[Date.UTC(2017,01,06,14,15),743.0],
[Date.UTC(2017,01,06,14,20),737.0],
[Date.UTC(2017,01,06,14,25),745.0],
[Date.UTC(2017,01,06,14,30),709.0],
[Date.UTC(2017,01,06,14,35),714.0],
[Date.UTC(2017,01,06,14,40),811.0],
[Date.UTC(2017,01,06,14,45),762.0],
[Date.UTC(2017,01,06,14,50),731.0],
[Date.UTC(2017,01,06,14,55),696.0],
[Date.UTC(2017,01,06,15,00),740.0],
[Date.UTC(2017,01,06,15,05),743.0],
[Date.UTC(2017,01,06,15,10),721.0],
[Date.UTC(2017,01,06,15,15),731.0],
[Date.UTC(2017,01,06,15,20),762.0],
[Date.UTC(2017,01,06,15,25),652.0],
[Date.UTC(2017,01,06,15,30),688.0],
[Date.UTC(2017,01,06,15,35),703.0],
[Date.UTC(2017,01,06,15,40),730.0],
[Date.UTC(2017,01,06,15,45),655.0],
[Date.UTC(2017,01,06,15,50),729.0],
[Date.UTC(2017,01,06,15,55),684.0],
[Date.UTC(2017,01,06,16,00),724.0],
[Date.UTC(2017,01,06,16,05),693.0],
[Date.UTC(2017,01,06,16,10),718.0],
[Date.UTC(2017,01,06,16,15),699.0],
[Date.UTC(2017,01,06,16,20),690.0],
[Date.UTC(2017,01,06,16,25),710.0],
[Date.UTC(2017,01,06,16,30),746.0],
[Date.UTC(2017,01,06,16,35),670.0],
[Date.UTC(2017,01,06,16,40),679.0],
[Date.UTC(2017,01,06,16,45),700.0],
[Date.UTC(2017,01,06,16,50),732.0],
[Date.UTC(2017,01,06,16,55),713.0],
[Date.UTC(2017,01,06,17,00),710.0],
[Date.UTC(2017,01,06,17,05),717.0],
[Date.UTC(2017,01,06,17,10),711.0],
[Date.UTC(2017,01,06,17,15),667.0],
[Date.UTC(2017,01,06,17,20),661.0],
[Date.UTC(2017,01,06,17,25),658.0],
[Date.UTC(2017,01,06,17,30),661.0],
[Date.UTC(2017,01,06,17,35),655.0],
[Date.UTC(2017,01,06,17,40),647.0],
[Date.UTC(2017,01,06,17,45),664.0],
[Date.UTC(2017,01,06,17,50),668.0],
[Date.UTC(2017,01,06,17,55),677.0],
[Date.UTC(2017,01,06,18,00),638.0],
[Date.UTC(2017,01,06,18,05),671.0],
[Date.UTC(2017,01,06,18,10),692.0],
[Date.UTC(2017,01,06,18,15),649.0],
[Date.UTC(2017,01,06,18,20),689.0],
[Date.UTC(2017,01,06,18,25),678.0],
[Date.UTC(2017,01,06,18,30),633.0],
[Date.UTC(2017,01,06,18,35),623.0],
[Date.UTC(2017,01,06,18,40),700.0],
[Date.UTC(2017,01,06,18,45),645.0],
[Date.UTC(2017,01,06,18,50),600.0],
[Date.UTC(2017,01,06,18,55),616.0],
[Date.UTC(2017,01,06,19,00),591.0],
[Date.UTC(2017,01,06,19,05),597.0],
[Date.UTC(2017,01,06,19,10),599.0],
[Date.UTC(2017,01,06,19,15),608.0],
[Date.UTC(2017,01,06,19,20),635.0],
[Date.UTC(2017,01,06,19,25),600.0],
[Date.UTC(2017,01,06,19,30),593.0],
[Date.UTC(2017,01,06,19,35),591.0],
[Date.UTC(2017,01,06,19,40),608.0],
[Date.UTC(2017,01,06,19,45),598.0],
[Date.UTC(2017,01,06,19,50),586.0],
[Date.UTC(2017,01,06,19,55),593.0],
[Date.UTC(2017,01,06,20,00),573.0],
[Date.UTC(2017,01,06,20,05),508.0],
[Date.UTC(2017,01,06,20,10),571.0],
[Date.UTC(2017,01,06,20,15),563.0],
[Date.UTC(2017,01,06,20,20),518.0],
[Date.UTC(2017,01,06,20,25),504.0],
[Date.UTC(2017,01,06,20,30),533.0],
[Date.UTC(2017,01,06,20,35),522.0],
[Date.UTC(2017,01,06,20,40),485.0],
[Date.UTC(2017,01,06,20,45),479.0],
[Date.UTC(2017,01,06,20,50),533.0],
[Date.UTC(2017,01,06,20,55),524.0],
[Date.UTC(2017,01,06,21,00),453.0],
[Date.UTC(2017,01,06,21,05),472.0],
[Date.UTC(2017,01,06,21,10),497.0],
[Date.UTC(2017,01,06,21,15),478.0],
[Date.UTC(2017,01,06,21,20),419.0],
[Date.UTC(2017,01,06,21,25),473.0],
[Date.UTC(2017,01,06,21,30),486.0],
[Date.UTC(2017,01,06,21,35),428.0],
[Date.UTC(2017,01,06,21,40),455.0],
[Date.UTC(2017,01,06,21,45),480.0],
[Date.UTC(2017,01,06,21,50),467.0],
[Date.UTC(2017,01,06,21,55),461.0],
[Date.UTC(2017,01,06,22,00),488.0],
[Date.UTC(2017,01,06,22,05),435.0],
[Date.UTC(2017,01,06,22,10),421.0],
[Date.UTC(2017,01,06,22,15),443.0],
[Date.UTC(2017,01,06,22,20),446.0],
[Date.UTC(2017,01,06,22,25),424.0],
[Date.UTC(2017,01,06,22,30),457.0],
[Date.UTC(2017,01,06,22,35),481.0],
[Date.UTC(2017,01,06,22,40),504.0],
[Date.UTC(2017,01,06,22,45),435.0],
[Date.UTC(2017,01,06,22,50),448.0],
[Date.UTC(2017,01,06,22,55),434.0],
[Date.UTC(2017,01,06,23,00),375.0],
[Date.UTC(2017,01,06,23,05),380.0],
[Date.UTC(2017,01,06,23,10),427.0],
[Date.UTC(2017,01,06,23,15),371.0],
[Date.UTC(2017,01,06,23,20),363.0],
[Date.UTC(2017,01,06,23,25),368.0],
[Date.UTC(2017,01,06,23,30),363.0],
[Date.UTC(2017,01,06,23,35),341.0],
[Date.UTC(2017,01,06,23,40),342.0],
[Date.UTC(2017,01,06,23,45),358.0],
[Date.UTC(2017,01,06,23,50),310.0],
[Date.UTC(2017,01,06,23,55),334.0],
[Date.UTC(2017,01,07,00,00),317.0],
[Date.UTC(2017,01,07,00,05),315.0],
[Date.UTC(2017,01,07,00,10),292.0],
[Date.UTC(2017,01,07,00,15),270.0],
[Date.UTC(2017,01,07,00,20),253.0],
[Date.UTC(2017,01,07,00,25),266.0],
[Date.UTC(2017,01,07,00,30),214.0],
[Date.UTC(2017,01,07,00,35),274.0],
[Date.UTC(2017,01,07,00,40),253.0],
[Date.UTC(2017,01,07,00,45),237.0],
[Date.UTC(2017,01,07,00,50),249.0],
[Date.UTC(2017,01,07,00,55),226.0],
[Date.UTC(2017,01,07,01,00),256.0],
[Date.UTC(2017,01,07,01,05),247.0],
[Date.UTC(2017,01,07,01,10),179.0],
[Date.UTC(2017,01,07,01,15),167.0],
[Date.UTC(2017,01,07,01,20),164.0],
[Date.UTC(2017,01,07,01,25),166.0],
[Date.UTC(2017,01,07,01,30),148.0],
[Date.UTC(2017,01,07,01,35),156.0],
[Date.UTC(2017,01,07,01,40),170.0],
[Date.UTC(2017,01,07,01,45),189.0],
[Date.UTC(2017,01,07,01,50),175.0],
[Date.UTC(2017,01,07,01,55),174.0],
[Date.UTC(2017,01,07,02,00),145.0],
[Date.UTC(2017,01,07,02,05),177.0],
[Date.UTC(2017,01,07,02,10),179.0],
[Date.UTC(2017,01,07,02,15),174.0],
[Date.UTC(2017,01,07,02,20),155.0],
[Date.UTC(2017,01,07,02,25),167.0],
[Date.UTC(2017,01,07,02,30),167.0],
[Date.UTC(2017,01,07,02,35),145.0],
[Date.UTC(2017,01,07,02,40),124.0],
[Date.UTC(2017,01,07,02,45),143.0],
[Date.UTC(2017,01,07,02,50),132.0],
[Date.UTC(2017,01,07,02,55),113.0],
[Date.UTC(2017,01,07,03,00),121.0],
[Date.UTC(2017,01,07,03,05),130.0],
[Date.UTC(2017,01,07,03,10),85.0	],
[Date.UTC(2017,01,07,03,15),88.0	],
[Date.UTC(2017,01,07,03,20),87.0	],
[Date.UTC(2017,01,07,03,25),122.0],
[Date.UTC(2017,01,07,03,30),95.0	],
[Date.UTC(2017,01,07,03,35),91.0	],
[Date.UTC(2017,01,07,03,40),81.0	],
[Date.UTC(2017,01,07,03,45),109.0],
[Date.UTC(2017,01,07,03,50),93.0	],
[Date.UTC(2017,01,07,03,55),91.0	],
[Date.UTC(2017,01,07,04,00),84.0	],
[Date.UTC(2017,01,07,04,05),90.0	],
[Date.UTC(2017,01,07,04,10),105.0],
[Date.UTC(2017,01,07,04,15),100.0],
[Date.UTC(2017,01,07,04,20),113.0],
[Date.UTC(2017,01,07,04,25),110.0],
[Date.UTC(2017,01,07,04,30),95.0	],
[Date.UTC(2017,01,07,04,35),90.0	],
[Date.UTC(2017,01,07,04,40),113.0],
[Date.UTC(2017,01,07,04,45),121.0],
[Date.UTC(2017,01,07,04,50),157.0],
[Date.UTC(2017,01,07,04,55),145.0],
[Date.UTC(2017,01,07,05,00),104.0],
[Date.UTC(2017,01,07,05,05),126.0],
[Date.UTC(2017,01,07,05,10),130.0],
[Date.UTC(2017,01,07,05,15),128.0],
[Date.UTC(2017,01,07,05,20),143.0],
[Date.UTC(2017,01,07,05,25),156.0],
[Date.UTC(2017,01,07,05,30),150.0],
[Date.UTC(2017,01,07,05,35),184.0],
[Date.UTC(2017,01,07,05,40),169.0],
[Date.UTC(2017,01,07,05,45),164.0],
[Date.UTC(2017,01,07,05,50),185.0],
[Date.UTC(2017,01,07,05,55),197.0],
[Date.UTC(2017,01,07,06,00),185.0],
[Date.UTC(2017,01,07,06,05),196.0],
[Date.UTC(2017,01,07,06,10),202.0],
[Date.UTC(2017,01,07,06,15),198.0],
[Date.UTC(2017,01,07,06,20),207.0],
[Date.UTC(2017,01,07,06,25),249.0],
[Date.UTC(2017,01,07,06,30),243.0],
[Date.UTC(2017,01,07,06,35),267.0],
[Date.UTC(2017,01,07,06,40),298.0],
[Date.UTC(2017,01,07,06,45),287.0],
[Date.UTC(2017,01,07,06,50),289.0],
[Date.UTC(2017,01,07,06,55),302.0],
[Date.UTC(2017,01,07,07,00),226.0],
[Date.UTC(2017,01,07,07,05),244.0],
[Date.UTC(2017,01,07,07,10),310.0],
[Date.UTC(2017,01,07,07,15),256.0],
[Date.UTC(2017,01,07,07,20),323.0],
[Date.UTC(2017,01,07,07,25),300.0],
[Date.UTC(2017,01,07,07,30),360.0],
[Date.UTC(2017,01,07,07,35),358.0],
[Date.UTC(2017,01,07,07,40),362.0],
[Date.UTC(2017,01,07,07,45),359.0],
[Date.UTC(2017,01,07,07,50),381.0],
[Date.UTC(2017,01,07,07,55),308.0],
[Date.UTC(2017,01,07,08,00),317.0],
[Date.UTC(2017,01,07,08,05),330.0],
[Date.UTC(2017,01,07,08,10),420.0],
[Date.UTC(2017,01,07,08,15),332.0],
[Date.UTC(2017,01,07,08,20),382.0],
[Date.UTC(2017,01,07,08,25),408.0],
[Date.UTC(2017,01,07,08,30),392.0],
[Date.UTC(2017,01,07,08,35),416.0],
[Date.UTC(2017,01,07,08,40),456.0],
[Date.UTC(2017,01,07,08,45),441.0],
[Date.UTC(2017,01,07,08,50),427.0],
[Date.UTC(2017,01,07,08,55),418.0],
[Date.UTC(2017,01,07,09,00),422.0],
[Date.UTC(2017,01,07,09,05),449.0],
[Date.UTC(2017,01,07,09,10),446.0],
[Date.UTC(2017,01,07,09,15),432.0],
[Date.UTC(2017,01,07,09,20),456.0],
[Date.UTC(2017,01,07,09,25),466.0],
[Date.UTC(2017,01,07,09,30),436.0],
[Date.UTC(2017,01,07,09,35),501.0],
[Date.UTC(2017,01,07,09,40),502.0],
[Date.UTC(2017,01,07,09,45),604.0],
[Date.UTC(2017,01,07,09,50),628.0],
[Date.UTC(2017,01,07,09,55),550.0],
[Date.UTC(2017,01,07,10,00),531.0],
[Date.UTC(2017,01,07,10,05),528.0],
[Date.UTC(2017,01,07,10,10),496.0],
[Date.UTC(2017,01,07,10,15),452.0],
[Date.UTC(2017,01,07,10,20),445.0],
[Date.UTC(2017,01,07,10,25),571.0],
[Date.UTC(2017,01,07,10,30),532.0],
[Date.UTC(2017,01,07,10,35),545.0],
[Date.UTC(2017,01,07,10,40),592.0],
[Date.UTC(2017,01,07,10,45),600.0],
[Date.UTC(2017,01,07,10,50),584.0],
[Date.UTC(2017,01,07,10,55),598.0],
[Date.UTC(2017,01,07,11,00),526.0],
[Date.UTC(2017,01,07,11,05),554.0],
[Date.UTC(2017,01,07,11,10),524.0],
[Date.UTC(2017,01,07,11,15),591.0],
[Date.UTC(2017,01,07,11,20),607.0],
[Date.UTC(2017,01,07,11,25),581.0],
[Date.UTC(2017,01,07,11,30),561.0],
[Date.UTC(2017,01,07,11,35),595.0],
[Date.UTC(2017,01,07,11,40),612.0],
[Date.UTC(2017,01,07,11,45),563.0],
[Date.UTC(2017,01,07,11,50),589.0],
[Date.UTC(2017,01,07,11,55),583.0],
[Date.UTC(2017,01,07,12,00),615.0],
[Date.UTC(2017,01,07,12,05),570.0],
[Date.UTC(2017,01,07,12,10),640.0],
[Date.UTC(2017,01,07,12,15),618.0],
[Date.UTC(2017,01,07,12,20),602.0],
[Date.UTC(2017,01,07,12,25),619.0],
[Date.UTC(2017,01,07,12,30),580.0],
[Date.UTC(2017,01,07,12,35),662.0],
[Date.UTC(2017,01,07,12,40),654.0],
[Date.UTC(2017,01,07,12,45),638.0],
[Date.UTC(2017,01,07,12,50),676.0],
[Date.UTC(2017,01,07,12,55),681.0],
[Date.UTC(2017,01,07,13,00),635.0],
[Date.UTC(2017,01,07,13,05),600.0],
[Date.UTC(2017,01,07,13,10),609.0],
[Date.UTC(2017,01,07,13,15),680.0],
[Date.UTC(2017,01,07,13,20),621.0],
[Date.UTC(2017,01,07,13,25),596.0],
[Date.UTC(2017,01,07,13,30),623.0],
[Date.UTC(2017,01,07,13,35),640.0],
[Date.UTC(2017,01,07,13,40),569.0],
[Date.UTC(2017,01,07,13,45),614.0],
[Date.UTC(2017,01,07,13,50),634.0],
[Date.UTC(2017,01,07,13,55),607.0],
[Date.UTC(2017,01,07,14,00),528.0],
[Date.UTC(2017,01,07,14,05),574.0],
[Date.UTC(2017,01,07,14,10),625.0],
[Date.UTC(2017,01,07,14,15),584.0],
[Date.UTC(2017,01,07,14,20),633.0],
[Date.UTC(2017,01,07,14,25),622.0],
[Date.UTC(2017,01,07,14,30),594.0],
[Date.UTC(2017,01,07,14,35),611.0],
[Date.UTC(2017,01,07,14,40),689.0],
[Date.UTC(2017,01,07,14,45),678.0],
[Date.UTC(2017,01,07,14,50),608.0],
[Date.UTC(2017,01,07,14,55),620.0],
[Date.UTC(2017,01,07,15,00),586.0],
[Date.UTC(2017,01,07,15,05),572.0],
[Date.UTC(2017,01,07,15,10),558.0],
[Date.UTC(2017,01,07,15,15),550.0],
[Date.UTC(2017,01,07,15,20),608.0],
[Date.UTC(2017,01,07,15,25),558.0],
[Date.UTC(2017,01,07,15,30),554.0],
[Date.UTC(2017,01,07,15,35),615.0],
[Date.UTC(2017,01,07,15,40),581.0],
[Date.UTC(2017,01,07,15,45),526.0],
[Date.UTC(2017,01,07,15,50),655.0],
[Date.UTC(2017,01,07,15,55),556.0],
[Date.UTC(2017,01,07,16,00),596.0],
[Date.UTC(2017,01,07,16,05),642.0],
[Date.UTC(2017,01,07,16,10),607.0],
[Date.UTC(2017,01,07,16,15),586.0],
[Date.UTC(2017,01,07,16,20),587.0],
[Date.UTC(2017,01,07,16,25),614.0],
[Date.UTC(2017,01,07,16,30),611.0],
[Date.UTC(2017,01,07,16,35),562.0],
[Date.UTC(2017,01,07,16,40),574.0],
[Date.UTC(2017,01,07,16,45),578.0],
[Date.UTC(2017,01,07,16,50),634.0],
[Date.UTC(2017,01,07,16,55),577.0],
[Date.UTC(2017,01,07,17,00),559.0],
[Date.UTC(2017,01,07,17,05),586.0],
[Date.UTC(2017,01,07,17,10),640.0],
[Date.UTC(2017,01,07,17,15),601.0],
[Date.UTC(2017,01,07,17,20),612.0],
[Date.UTC(2017,01,07,17,25),586.0],
[Date.UTC(2017,01,07,17,30),587.0],
[Date.UTC(2017,01,07,17,35),600.0],
[Date.UTC(2017,01,07,17,40),612.0],
[Date.UTC(2017,01,07,17,45),609.0],
[Date.UTC(2017,01,07,17,50),590.0],
[Date.UTC(2017,01,07,17,55),601.0],
[Date.UTC(2017,01,07,18,00),555.0],
[Date.UTC(2017,01,07,18,05),604.0],
[Date.UTC(2017,01,07,18,10),591.0],
[Date.UTC(2017,01,07,18,15),590.0],
[Date.UTC(2017,01,07,18,20),587.0],
[Date.UTC(2017,01,07,18,25),554.0],
[Date.UTC(2017,01,07,18,30),527.0],
[Date.UTC(2017,01,07,18,35),540.0],
[Date.UTC(2017,01,07,18,40),528.0],
[Date.UTC(2017,01,07,18,45),532.0],
[Date.UTC(2017,01,07,18,50),495.0],
[Date.UTC(2017,01,07,18,55),503.0],
[Date.UTC(2017,01,07,19,00),465.0],
[Date.UTC(2017,01,07,19,05),488.0],
[Date.UTC(2017,01,07,19,10),452.0],
[Date.UTC(2017,01,07,19,15),479.0],
[Date.UTC(2017,01,07,19,20),427.0],
[Date.UTC(2017,01,07,19,25),445.0],
[Date.UTC(2017,01,07,19,30),430.0],
[Date.UTC(2017,01,07,19,35),452.0],
[Date.UTC(2017,01,07,19,40),377.0],
[Date.UTC(2017,01,07,19,45),422.0],
[Date.UTC(2017,01,07,19,50),414.0],
[Date.UTC(2017,01,07,19,55),363.0],
[Date.UTC(2017,01,07,20,00),352.0],
[Date.UTC(2017,01,07,20,05),388.0],
[Date.UTC(2017,01,07,20,10),426.0],
[Date.UTC(2017,01,07,20,15),430.0],
[Date.UTC(2017,01,07,20,20),456.0],
[Date.UTC(2017,01,07,20,25),428.0],
[Date.UTC(2017,01,07,20,30),439.0],
[Date.UTC(2017,01,07,20,35),426.0],
[Date.UTC(2017,01,07,20,40),420.0],
[Date.UTC(2017,01,07,20,45),397.0],
[Date.UTC(2017,01,07,20,50),451.0],
[Date.UTC(2017,01,07,20,55),383.0],
[Date.UTC(2017,01,07,21,00),423.0],
[Date.UTC(2017,01,07,21,05),393.0],
[Date.UTC(2017,01,07,21,10),402.0],
[Date.UTC(2017,01,07,21,15),383.0],
[Date.UTC(2017,01,07,21,20),450.0],
[Date.UTC(2017,01,07,21,25),394.0],
[Date.UTC(2017,01,07,21,30),421.0],
[Date.UTC(2017,01,07,21,35),411.0],
[Date.UTC(2017,01,07,21,40),411.0],
[Date.UTC(2017,01,07,21,45),401.0],
[Date.UTC(2017,01,07,21,50),368.0],
[Date.UTC(2017,01,07,21,55),403.0],
[Date.UTC(2017,01,07,22,00),391.0],
[Date.UTC(2017,01,07,22,05),394.0],
[Date.UTC(2017,01,07,22,10),400.0],
[Date.UTC(2017,01,07,22,15),428.0],
[Date.UTC(2017,01,07,22,20),408.0],
[Date.UTC(2017,01,07,22,25),409.0],
[Date.UTC(2017,01,07,22,30),436.0],
[Date.UTC(2017,01,07,22,35),423.0],
[Date.UTC(2017,01,07,22,40),429.0],
[Date.UTC(2017,01,07,22,45),428.0],
[Date.UTC(2017,01,07,22,50),485.0],
[Date.UTC(2017,01,07,22,55),367.0],
[Date.UTC(2017,01,07,23,00),372.0],
[Date.UTC(2017,01,07,23,05),403.0],
[Date.UTC(2017,01,07,23,10),389.0],
[Date.UTC(2017,01,07,23,15),380.0],
[Date.UTC(2017,01,07,23,20),363.0],
[Date.UTC(2017,01,07,23,25),362.0],
[Date.UTC(2017,01,07,23,30),360.0],
[Date.UTC(2017,01,07,23,35),334.0],
[Date.UTC(2017,01,07,23,40),318.0],
[Date.UTC(2017,01,07,23,45),272.0],
[Date.UTC(2017,01,07,23,50),317.0],
[Date.UTC(2017,01,07,23,55),291.0],
